# Station: FINO2
# Parameter: windspeed_cup_82m_180deg
# Unit: m/s
# Titles:
Time	Value	Minimum	Maximum	Deviation	Quality
# Data:
2020-10-03 00:05:00	12.58	10.49	15.41	1.02	3
2020-10-03 00:15:00	12.66	9.32	14.9	1.04	3
2020-10-03 00:25:00	12.53	9.9	15.64	1.05	3
2020-10-03 00:35:00	13.1	9.77	15.4	.92	3
2020-10-03 00:45:00	12.75	6.77	15.99	1.71	3
2020-10-03 00:55:00	13.01	9.12	15.53	1.02	3
2020-10-03 01:05:00	13.05	10.53	15.93	1.16	3
2020-10-03 01:15:00	14.19	10.82	16.7	1.07	3
2020-10-03 01:25:00	13.74	10.11	16.71	1.16	3
2020-10-03 01:35:00	14.11	11.09	17.36	.95	3
2020-10-03 01:45:00	13.56	10.97	15.95	1.02	3
2020-10-03 01:55:00	13.62	11.07	16.6	1.04	3
2020-10-03 02:05:00	13.7	11.08	16.63	1.19	3
2020-10-03 02:15:00	13.69	11.16	16.46	1.15	3
2020-10-03 02:25:00	12.79	10.02	16.61	1.26	3
2020-10-03 02:35:00	14	11.29	16.31	1	3
2020-10-03 02:45:00	13.91	11.45	16.11	.84	3
2020-10-03 02:55:00	12.69	8.42	15.55	1.28	3
2020-10-03 03:05:00	13.97	8.85	17.21	1.5	3
2020-10-03 03:15:00	14.08	11.17	17.07	1.29	3
2020-10-03 03:25:00	14.56	10.9	17.3	1.15	3
2020-10-03 03:35:00	14.66	10.99	18.44	1.39	3
2020-10-03 03:45:00	15.49	11.86	18.94	1.43	3
2020-10-03 03:55:00	14.59	12.28	17.15	.9	3
2020-10-03 04:05:00	13.39	7.88	16.56	1.55	3
2020-10-03 04:15:00	14.74	10.72	18.01	1.66	3
2020-10-03 04:25:00	14.34	8.66	17.99	1.8	3
2020-10-03 04:35:00	14.01	9.3	18.06	2.09	3
2020-10-03 04:45:00	14.1	8.11	18.01	1.78	3
2020-10-03 04:55:00	15.21	8.27	18.31	1.93	3
2020-10-03 05:05:00	15.85	12.45	19.31	1.14	3
2020-10-03 05:15:00	16.32	13.15	19.6	1.18	3
2020-10-03 05:25:00	16.07	12.66	19.32	1.17	3
2020-10-03 05:35:00	14.32	10.08	17.78	1.62	3
2020-10-03 05:45:00	14.92	9.67	19.28	1.79	3
2020-10-03 05:55:00	12.79	8.43	17.61	1.83	3
2020-10-03 06:05:00	14.19	9.08	19.76	1.74	3
2020-10-03 06:15:00	12.91	6.79	18.59	2.02	3
2020-10-03 06:25:00	12.39	8.51	16.77	1.66	3
2020-10-03 06:35:00	12.98	8.6	18.08	1.84	3
2020-10-03 06:45:00	12.78	6.97	18.28	2.06	3
2020-10-03 06:55:00	14.34	9.32	19.27	2.24	3
2020-10-03 07:05:00	15.89	11.01	20.45	2.16	3
2020-10-03 07:15:00	16.73	12.11	20.06	1.48	3
2020-10-03 07:25:00	16.81	12.43	20.31	1.81	3
2020-10-03 07:35:00	15.28	9.77	20.14	2.15	3
2020-10-03 07:45:00	15.17	8.86	19.47	2.07	3
2020-10-03 07:55:00	15.36	10.31	19	1.71	3
2020-10-03 08:05:00	14.87	9.23	18.76	1.88	3
2020-10-03 08:15:00	15.94	10.92	20.26	1.79	3
2020-10-03 08:25:00	15.73	10.6	19.7	1.51	3
2020-10-03 08:35:00	15.93	11.16	19.32	1.73	3
2020-10-03 08:45:00	15.86	9.99	20.73	2.16	3
2020-10-03 08:55:00	15.54	10.46	19.82	2.12	3
2020-10-03 09:05:00	17.38	11.22	22.25	2.17	3
2020-10-03 09:15:00	15.97	10.47	20.35	1.87	3
2020-10-03 09:25:00	16.47	10.92	20.04	1.72	3
2020-10-03 09:35:00	16.43	11.31	19.32	1.67	3
2020-10-03 09:45:00	15.6	10.74	19.76	1.78	3
2020-10-03 09:55:00	14.81	9.51	20.14	2.38	3
2020-10-03 10:05:00	15.45	9.82	18.94	1.71	3
2020-10-03 10:15:00	15.74	11.38	19.53	1.61	3
2020-10-03 10:25:00	14.76	9.35	19.62	1.86	3
2020-10-03 10:35:00	14.37	9.2	19.91	1.96	3
2020-10-03 10:45:00	14.52	9.21	19.41	2.05	3
2020-10-03 10:55:00	13.98	9.49	18.63	1.9	3
2020-10-03 11:05:00	13.21	8.64	18.04	1.83	3
2020-10-03 11:15:00	13.2	8.39	19.9	2.1	3
2020-10-03 11:25:00	13.1	9.59	18.88	1.75	3
2020-10-03 11:35:00	12.75	7.74	17.07	1.8	3
2020-10-03 11:45:00	12.47	7.84	17.96	1.8	3
2020-10-03 11:55:00	12.98	8.42	19.19	1.74	3
2020-10-03 12:05:00	12.83	7.83	18.02	1.81	3
2020-10-03 12:15:00	12.92	8.15	17.94	1.88	3
2020-10-03 12:25:00	13.16	9.19	19.56	1.7	3
2020-10-03 12:35:00	12.33	8.54	16.89	1.66	3
2020-10-03 12:45:00	13.07	8.88	18.15	1.84	3
2020-10-03 12:55:00	13.59	9.32	18.8	1.78	3
2020-10-03 13:05:00	13.96	9.12	20.41	1.72	3
2020-10-03 13:15:00	15.22	10.46	19.72	2.01	3
2020-10-03 13:25:00	15.1	9.45	20.6	2.71	3
2020-10-03 13:35:00	13.96	9.71	19.67	1.96	3
2020-10-03 13:45:00	13.88	9.44	18.9	2.02	3
2020-10-03 13:55:00	13.9	9.18	19.26	1.98	3
2020-10-03 14:05:00	14.44	9.29	21.87	2.31	3
2020-10-03 14:15:00	13.92	8.95	19.06	1.76	3
2020-10-03 14:25:00	13.59	9.26	18.55	1.74	3
2020-10-03 14:35:00	13.45	9.35	19.06	1.7	3
2020-10-03 14:45:00	14.02	10.18	19.7	1.79	3
2020-10-03 14:55:00	13.99	8.55	19.09	2.08	3
2020-10-03 15:05:00	12.8	8.68	16.68	1.64	3
2020-10-03 15:15:00	13.14	8.77	17.46	1.81	3
2020-10-03 15:25:00	11.9	7.59	18.07	1.76	3
2020-10-03 15:35:00	11.79	7.84	16.52	1.64	3
2020-10-03 15:45:00	11.65	7.83	17.05	1.84	3
2020-10-03 15:55:00	11.13	7.34	17.28	1.88	3
2020-10-03 16:05:00	10.67	7.22	15.21	1.4	3
2020-10-03 16:15:00	12.46	7.63	18.19	1.91	3
2020-10-03 16:25:00	12.58	7.81	18.09	1.73	3
2020-10-03 16:35:00	11.67	6.87	17.22	1.91	3
2020-10-03 16:45:00	12.68	7.4	17.51	1.85	3
2020-10-03 16:55:00	11.63	6.64	17.17	1.72	3
2020-10-03 17:05:00	11.11	6	16.93	2.11	3
2020-10-03 17:15:00	10.79	5.83	17.3	2.12	3
2020-10-03 17:25:00	10.93	6.49	17.13	1.79	3
2020-10-03 17:35:00	11.57	6.01	16.3	1.79	3
2020-10-03 17:45:00	12.47	6.9	17.21	1.96	3
2020-10-03 17:55:00	11.09	7.12	16.08	1.77	3
2020-10-03 18:05:00	11.13	5.97	17.02	1.94	3
2020-10-03 18:15:00	12.86	7.7	18.23	1.94	3
2020-10-03 18:25:00	12.4	8.14	17.85	1.95	3
2020-10-03 18:35:00	12.89	6.62	17.8	2.13	3
2020-10-03 18:45:00	12.67	7.4	18.77	1.92	3
2020-10-03 18:55:00	13.56	9.38	18.59	1.58	3
2020-10-03 19:05:00	12.92	8.99	15.93	1.28	3
2020-10-03 19:15:00	12.91	9.55	15.73	1.06	3
2020-10-03 19:25:00	13.29	9.38	16.32	1.12	3
2020-10-03 19:35:00	12.78	8.83	15.91	1.39	3
2020-10-03 19:45:00	12.3	8.05	15.24	1.47	3
2020-10-03 19:55:00	12.24	8.98	16.51	1.43	3
2020-10-03 20:05:00	12.13	7.53	16.44	1.88	3
2020-10-03 20:15:00	13.03	7.58	18.02	1.9	3
2020-10-03 20:25:00	12.54	7.93	16.31	1.69	3
2020-10-03 20:35:00	11.06	6.19	15.33	1.67	3
2020-10-03 20:45:00	11.85	7.46	16.31	1.81	3
2020-10-03 20:55:00	13.65	10.1	16.86	1.15	3
2020-10-03 21:05:00	14.2	11.78	16.49	.87	3
2020-10-03 21:15:00	14.13	11.98	16.81	.94	3
2020-10-03 21:25:00	13.36	10.24	16.1	1.08	3
2020-10-03 21:35:00	13.46	10.4	16.31	.84	3
2020-10-03 21:45:00	14.12	11.83	16.65	.94	3
2020-10-03 21:55:00	13.54	10.93	15.91	.87	3
2020-10-03 22:05:00	13.29	10.62	15.6	.85	3
2020-10-03 22:15:00	13.36	10.65	16.42	.87	3
2020-10-03 22:25:00	12.16	9.27	14.93	.89	3
2020-10-03 22:35:00	10.86	8.65	14.67	.97	3
2020-10-03 22:45:00	11.53	8.48	14.52	1.18	3
2020-10-03 22:55:00	11.02	8.28	13.96	1.07	3
2020-10-03 23:05:00	11.06	8.53	14.1	1.04	3
2020-10-03 23:15:00	11.89	8.88	14.51	1.02	3
2020-10-03 23:25:00	10.69	7.45	14.71	1.18	3
2020-10-03 23:35:00	9.64	6.7	13.28	1.07	3
2020-10-03 23:45:00	9.41	6.6	12.39	1.13	3
2020-10-03 23:55:00	9.71	6.84	12.39	.98	3
2020-10-04 00:05:00	9.93	7.71	12.53	.81	3
2020-10-04 00:15:00	9.35	7.38	11.46	.73	3
2020-10-04 00:25:00	8.53	4.78	11.44	1.33	3
2020-10-04 00:35:00	8.69	5.67	11.12	1	3
2020-10-04 00:45:00	8.2	5.29	10.43	.83	3
2020-10-04 00:55:00	6.39	3.79	9.13	.92	3
2020-10-04 01:05:00	6.04	3.85	8.64	.85	3
2020-10-04 01:15:00	6.66	4.39	9.98	.87	3
2020-10-04 01:25:00	6.37	3.96	9.53	.87	3
2020-10-04 01:35:00	5.76	3.3	7.38	.7	3
2020-10-04 01:45:00	5.82	4.15	7.72	.61	3
2020-10-04 01:55:00	5.34	3.86	6.81	.61	3
2020-10-04 02:05:00	5.55	3.94	6.67	.52	3
2020-10-04 02:15:00	5.63	4.47	6.63	.37	3
2020-10-04 02:25:00	5.59	3.79	7.88	.71	3
2020-10-04 02:35:00	4.97	3.17	7.43	.59	3
2020-10-04 02:45:00	3.74	2.59	5.28	.51	3
2020-10-04 02:55:00	3.82	2.97	4.97	.34	3
2020-10-04 03:05:00	4.04	3.22	4.73	.3	3
2020-10-04 03:15:00	3.71	3.1	4.5	.29	3
2020-10-04 03:25:00	4.08	3.13	5.25	.39	3
2020-10-04 03:35:00	3.29	1.66	4.78	.67	3
2020-10-04 03:45:00	3.76	1.33	5.86	.92	3
2020-10-04 03:55:00	2.52	1.18	4.18	.55	3
2020-10-04 04:05:00	2.2	.5	4	.65	3
2020-10-04 04:15:00	1.91	.9	3.62	.52	3
2020-10-04 04:25:00	3.17	1.38	4.59	.7	3
2020-10-04 04:35:00	2.7	1.41	4.01	.66	3
2020-10-04 04:45:00	1.89	.92	2.94	.5	3
2020-10-04 04:55:00	6.3	2.73	9.97	2.22	3
2020-10-04 05:05:00	4.87	2.22	9.8	1.39	3
2020-10-04 05:15:00	4.79	1.91	9.66	1.67	3
2020-10-04 05:25:00	4.36	.97	9.64	1.62	7
2020-10-04 05:35:00	3.42	1.63	5.86	.84	3
2020-10-04 05:45:00	3.88	1.07	8.74	1.98	7
2020-10-04 05:55:00	3.42	1.15	6.41	.94	3
2020-10-04 06:05:00	2.73	.74	5.08	.88	3
2020-10-04 06:15:00	2.97	1.26	6.48	.9	3
2020-10-04 06:25:00	6.83	4.02	7.97	.55	3
2020-10-04 06:35:00	5.38	3.88	7.09	.76	3
2020-10-04 06:45:00	3.75	1.81	6.3	.93	3
2020-10-04 06:55:00	3.72	1.27	7.3	1.26	3
2020-10-04 07:05:00	5.83	.98	8.28	1.64	3
2020-10-04 07:15:00	2.82	1.12	6.59	1.27	3
2020-10-04 07:25:00	2.77	1.05	5.33	.77	3
2020-10-04 07:35:00	4.74	1.39	10.01	2.56	7
2020-10-04 07:45:00	5.64	1.56	11.19	2.51	7
2020-10-04 07:55:00	4.41	1.51	8.68	1.71	3
2020-10-04 08:05:00	6.77	2.04	9.49	1.76	3
2020-10-04 08:15:00	6.56	4.79	8.24	.79	3
2020-10-04 08:25:00	2.38	.91	5.6	.85	3
2020-10-04 08:35:00	3.09	.91	6.25	.88	3
2020-10-04 08:45:00	2.79	1.11	6.18	.92	3
2020-10-04 08:55:00	2.55	.45	4.64	.82	3
2020-10-04 09:05:00	2.84	.7	5.42	.82	3
2020-10-04 09:15:00	2.6	1.15	5.16	.8	3
2020-10-04 09:25:00	2.88	1.2	5.74	.75	3
2020-10-04 09:35:00	2.73	1.39	4.93	.66	3
2020-10-04 09:45:00	2.26	1.06	4.76	.61	3
2020-10-04 09:55:00	3.72	1.14	5.77	1.02	3
2020-10-04 10:05:00	3.7	2.14	5.15	.62	3
2020-10-04 10:15:00	4.14	1.26	6.28	1.06	3
2020-10-04 10:25:00	3.1	.92	5.63	1.18	3
2020-10-04 10:35:00	2.47	.92	4.67	.87	3
2020-10-04 10:45:00	2.91	1.18	5.67	1.09	3
2020-10-04 10:55:00	2.84	1.36	5.39	.92	3
2020-10-04 11:05:00	2.86	.86	5.59	1.15	3
2020-10-04 11:15:00	2.26	1.2	3.61	.62	3
2020-10-04 11:25:00	3	.79	4.27	.93	3
2020-10-04 11:35:00	2.74	1.13	3.62	.52	3
2020-10-04 11:45:00	2.87	2.26	3.47	.25	3
2020-10-04 11:55:00	3.48	2.86	4.02	.2	3
2020-10-04 12:05:00	3.48	2.79	4.14	.27	3
2020-10-04 12:15:00	3.02	2.37	3.85	.35	3
2020-10-04 12:25:00	2.92	2.1	3.69	.28	3
2020-10-04 12:35:00	3.38	2.58	4.07	.31	3
2020-10-04 12:45:00	3.42	2.77	4.06	.25	3
2020-10-04 12:55:00	3.3	2.71	3.95	.23	3
2020-10-04 13:05:00	3.82	3.19	4.31	.19	3
2020-10-04 13:15:00	3.85	3.2	4.48	.26	3
2020-10-04 13:25:00	4.25	3.76	4.79	.21	3
2020-10-04 13:35:00	4.24	3.04	5.13	.34	3
2020-10-04 13:45:00	4.23	2.78	5.11	.41	3
2020-10-04 13:55:00	3.87	2.74	4.89	.47	3
2020-10-04 14:05:00	4.1	3.1	4.89	.34	3
2020-10-04 14:15:00	4.11	3.39	4.98	.29	3
2020-10-04 14:25:00	4.1	3.14	5.09	.35	3
2020-10-04 14:35:00	3.61	2.93	4.23	.27	3
2020-10-04 14:45:00	3.41	2.21	4.18	.39	3
2020-10-04 14:55:00	3.35	2.82	3.93	.22	3
2020-10-04 15:05:00	3.76	2.92	4.34	.28	3
2020-10-04 15:15:00	3.54	2.72	4.2	.32	3
2020-10-04 15:25:00	3.53	2.67	4.49	.29	3
2020-10-04 15:35:00	3.49	2.47	4.55	.33	3
2020-10-04 15:45:00	3.62	3.03	4.71	.29	3
2020-10-04 15:55:00	3.75	3	4.51	.25	3
2020-10-04 16:05:00	3.61	3.04	4.18	.22	3
2020-10-04 16:15:00	3.51	2.71	4.1	.27	3
2020-10-04 16:25:00	3.36	2.61	4.14	.31	3
2020-10-04 16:35:00	3.66	3.07	4.22	.24	3
2020-10-04 16:45:00	3.94	3.41	4.56	.18	3
2020-10-04 16:55:00	4.02	3.44	4.51	.2	3
2020-10-04 17:05:00	3.85	3.25	4.34	.2	3
2020-10-04 17:15:00	4.06	3.64	4.43	.13	3
2020-10-04 17:25:00	4.5	4.08	4.9	.13	3
2020-10-04 17:35:00	4.68	4.07	5.17	.22	3
2020-10-04 17:45:00	4.35	3.64	5.19	.26	3
2020-10-04 17:55:00	3.69	2.46	5.07	.39	3
2020-10-04 18:05:00	3.47	2.32	4.93	.53	3
2020-10-04 18:15:00	4.48	2.51	6.17	.77	3
2020-10-04 18:25:00	5.3	3.61	6.68	.6	3
2020-10-04 18:35:00	5.94	4.02	8.48	.72	3
2020-10-04 18:45:00	5.98	3.66	7.75	.64	3
2020-10-04 18:55:00	6.63	3.04	9.08	.92	3
2020-10-04 19:05:00	6.29	1.8	10.03	1.5	3
2020-10-04 19:15:00	5.34	1.79	8.26	1.35	3
2020-10-04 19:25:00	5.04	1.78	8.33	1.44	3
2020-10-04 19:35:00	5.38	1.6	10.12	1.87	3
2020-10-04 19:45:00	5.23	1.79	10.74	1.69	7
2020-10-04 19:55:00	6.18	2.28	10.98	1.84	3
2020-10-04 20:05:00	5.82	2.25	9.5	1.64	3
2020-10-04 20:15:00	5.47	1.88	10.61	1.79	3
2020-10-04 20:25:00	4.96	1.71	8.53	1.41	3
2020-10-04 20:35:00	5.04	1.31	8.79	1.49	3
2020-10-04 20:45:00	5.4	2.23	7.86	1.15	3
2020-10-04 20:55:00	6.01	2.79	8.35	.87	3
2020-10-04 21:05:00	6.35	3.23	8.33	1.05	3
2020-10-04 21:15:00	5.21	1.95	8.49	1.26	3
2020-10-04 21:25:00	6.07	2.59	8.71	1.1	3
2020-10-04 21:35:00	6.25	2.88	8.61	.95	3
2020-10-04 21:45:00	6.63	1.56	9.89	1.66	3
2020-10-04 21:55:00	5.69	1.58	9.98	1.7	3
2020-10-04 22:05:00	5.46	1.48	9.41	1.73	3
2020-10-04 22:15:00	4.51	1.42	8.57	1.68	3
2020-10-04 22:25:00	4.37	1.24	7.77	1.49	3
2020-10-04 22:35:00	4.18	1.16	6.82	1.22	3
2020-10-04 22:45:00	4.11	.92	7.01	1.25	3
2020-10-04 22:55:00	4.16	1.71	7.48	1.11	3
2020-10-04 23:05:00	3.75	1.8	7.21	1.14	3
2020-10-04 23:15:00	4.68	1.72	7.27	1.17	3
2020-10-04 23:25:00	5.05	2.17	6.58	.87	3
2020-10-04 23:35:00	5.94	3.39	7.68	.85	3
2020-10-04 23:45:00	6.12	4.38	8.03	.67	3
2020-10-04 23:55:00	5.68	2.22	8.33	1.09	3
2020-10-05 00:05:00	4.78	1.82	7.23	.77	3
2020-10-05 00:15:00	4.87	3.71	6.36	.5	3
2020-10-05 00:25:00	4.21	2.5	5.99	.72	3
2020-10-05 00:35:00	4.09	2.46	6.35	.67	3
2020-10-05 00:45:00	5.13	2.97	7.17	.88	3
2020-10-05 00:55:00	5.73	4.08	7.44	.7	3
2020-10-05 01:05:00	5	3.5	7.02	.65	3
2020-10-05 01:15:00	5.3	3.46	7.6	.68	3
2020-10-05 01:25:00	5.1	3.61	7.19	.61	3
2020-10-05 01:35:00	5.53	3.53	7.92	.96	3
2020-10-05 01:45:00	4.8	3.37	6.51	.61	3
2020-10-05 01:55:00	4.82	2.92	6.67	.69	3
2020-10-05 02:05:00	4.63	3.04	6.09	.51	3
2020-10-05 02:15:00	4.73	2.73	6.55	.71	3
2020-10-05 02:25:00	5.38	3.09	7.14	.72	3
2020-10-05 02:35:00	5.8	3.87	8.17	.68	3
2020-10-05 02:45:00	5.29	3.46	6.97	.74	3
2020-10-05 02:55:00	5.21	3.21	6.44	.45	3
2020-10-05 03:05:00	5.43	4.13	6.72	.55	3
2020-10-05 03:15:00	5.95	4.73	7.22	.43	3
2020-10-05 03:25:00	4.97	3.55	6.25	.58	3
2020-10-05 03:35:00	5.03	3.93	6.55	.42	3
2020-10-05 03:45:00	5.42	3.92	7.45	.65	3
2020-10-05 03:55:00	6.24	4.17	8.24	.79	3
2020-10-05 04:05:00	6.39	4.49	8.89	.74	3
2020-10-05 04:15:00	6.32	4.53	8.64	.69	3
2020-10-05 04:25:00	6.51	5.11	8.29	.63	3
2020-10-05 04:35:00	6.97	5.6	8.88	.62	3
2020-10-05 04:45:00	7.38	5.35	9.55	.79	3
2020-10-05 04:55:00	7.02	3.66	9.76	.96	3
2020-10-05 05:05:00	6.66	4.07	9.88	.94	3
2020-10-05 05:15:00	6.86	4.52	9	.9	3
2020-10-05 05:25:00	7.33	4.96	9.8	1.04	3
2020-10-05 05:35:00	7.15	4.46	9.96	.92	3
2020-10-05 05:45:00	6.87	4.37	10.02	.94	3
2020-10-05 05:55:00	6.9	4.69	9.59	.79	3
2020-10-05 06:05:00	6.85	4.48	9.41	.92	3
2020-10-05 06:15:00	6.71	4.67	9.16	.81	3
2020-10-05 06:25:00	7.11	4.83	9.83	.94	3
2020-10-05 06:35:00	7.56	4.99	10.27	.95	3
2020-10-05 06:45:00	6.92	4.5	9.66	1.03	3
2020-10-05 06:55:00	7.39	4.27	9.76	1.03	3
2020-10-05 07:05:00	7.58	4.83	10.26	1.2	3
2020-10-05 07:15:00	6.89	4.59	8.91	.93	3
2020-10-05 07:25:00	6.98	4.71	8.87	.8	3
2020-10-05 07:35:00	6.09	3.94	8.72	.88	3
2020-10-05 07:45:00	6.23	4.12	10.28	.95	3
2020-10-05 07:55:00	5.95	3.89	8.74	.83	3
2020-10-05 08:05:00	6	3.96	8.76	.88	3
2020-10-05 08:15:00	6.38	4.35	8.92	.88	3
2020-10-05 08:25:00	6.92	4.46	10.52	.98	3
2020-10-05 08:35:00	6.75	4.07	9.04	.94	3
2020-10-05 08:45:00	6.21	3.48	9.06	1	3
2020-10-05 08:55:00	6.53	4.08	9.76	1.02	3
2020-10-05 09:05:00	7.8	5.13	10.79	1	3
2020-10-05 09:15:00	7.38	3.97	9.45	.89	3
2020-10-05 09:25:00	7.48	5.58	9.36	.64	3
2020-10-05 09:35:00	7.43	5.24	10.09	.86	3
2020-10-05 09:45:00	7.02	4.97	9.52	.85	3
2020-10-05 09:55:00	7.22	5.17	9.38	.7	3
2020-10-05 10:05:00	7.47	4.79	8.95	.64	3
2020-10-05 10:15:00	7.23	3.84	9.57	1.08	3
2020-10-05 10:25:00	5.98	3.24	8.39	1	3
2020-10-05 10:35:00	6.3	3.19	9.54	1.18	3
2020-10-05 10:45:00	7.65	4.2	10.52	1.15	3
2020-10-05 10:55:00	7.66	4.24	10.09	1.11	3
2020-10-05 11:05:00	7.06	4.07	10.43	1.23	3
2020-10-05 11:15:00	6.92	4.05	10.47	1.4	3
2020-10-05 11:25:00	7.43	4.39	10.83	1.35	3
2020-10-05 11:35:00	7.36	3.35	11.25	1.47	3
2020-10-05 11:45:00	6.76	2.86	9.99	1.35	3
2020-10-05 11:55:00	6.17	2.77	10.04	1.21	3
2020-10-05 12:05:00	6.49	3.22	10.4	1.53	3
2020-10-05 12:15:00	6.89	3.05	10.04	1.43	3
2020-10-05 12:25:00	6.44	2.48	10.58	1.46	3
2020-10-05 12:35:00	6.74	3.15	10.12	1.25	3
2020-10-05 12:45:00	7.37	3.1	11.35	1.5	3
2020-10-05 12:55:00	7.42	4.46	11.97	1.49	3
2020-10-05 13:05:00	8.16	4.12	11.43	1.59	3
2020-10-05 13:15:00	8.05	3.23	12.4	1.54	3
2020-10-05 13:25:00	8.5	4.22	11.57	1.39	3
2020-10-05 13:35:00	7.17	3.43	11.2	1.6	3
2020-10-05 13:45:00	6.66	2.62	10.67	1.69	3
2020-10-05 13:55:00	6.55	3.19	10.33	1.36	3
2020-10-05 14:05:00	6.18	3.71	9.72	1.31	3
2020-10-05 14:15:00	5.95	3.22	8.85	1.07	3
2020-10-05 14:25:00	5.93	3	10.1	1.19	3
2020-10-05 14:35:00	6.79	2.98	10.81	1.69	3
2020-10-05 14:45:00	7.18	3.71	10.36	1.4	3
2020-10-05 14:55:00	7.11	3.56	10.92	1.35	3
2020-10-05 15:05:00	6.55	3.17	10.19	1.23	3
2020-10-05 15:15:00	5.71	2.83	8.45	1.02	3
2020-10-05 15:25:00	5.45	2.82	8.6	1.06	3
2020-10-05 15:35:00	5.16	2.25	7.62	1.04	3
2020-10-05 15:45:00	5.69	2.96	9.16	1.27	3
2020-10-05 15:55:00	5.36	2.82	8.02	1.17	3
2020-10-05 16:05:00	5.54	2.6	9.57	1.45	3
2020-10-05 16:15:00	7.26	3.95	9.93	1.2	3
2020-10-05 16:25:00	6.82	3.38	9.79	1.36	3
2020-10-05 16:35:00	7.51	4.2	10.42	.96	3
2020-10-05 16:45:00	7.45	3.99	9.53	.96	3
2020-10-05 16:55:00	7.31	4.47	9.01	.79	3
2020-10-05 17:05:00	6.14	3.87	8.6	.78	3
2020-10-05 17:15:00	5.81	3.13	8.56	1.1	3
2020-10-05 17:25:00	5.74	3.6	7.82	.73	3
2020-10-05 17:35:00	6.19	3.43	7.76	.67	3
2020-10-05 17:45:00	6.55	4.54	8.08	.5	3
2020-10-05 17:55:00	5.77	4.38	7.33	.52	3
2020-10-05 18:05:00	5.58	3.92	7.04	.54	3
2020-10-05 18:15:00	5.42	3.77	7.03	.5	3
2020-10-05 18:25:00	5.07	3.8	6.39	.53	3
2020-10-05 18:35:00	4.57	3.24	6.14	.48	3
2020-10-05 18:45:00	4.58	3.5	5.56	.38	3
2020-10-05 18:55:00	4.96	3.74	6.1	.41	3
2020-10-05 19:05:00	4.74	3.5	5.92	.45	3
2020-10-05 19:15:00	4.4	3.57	5.36	.29	3
2020-10-05 19:25:00	4.39	3.57	5.36	.29	3
2020-10-05 19:35:00	3.96	3.1	5.02	.34	3
2020-10-05 19:45:00	3.34	2.31	4.37	.38	3
2020-10-05 19:55:00	3.01	2.03	4.17	.39	3
2020-10-05 20:05:00	2.83	1.72	3.88	.48	3
2020-10-05 20:15:00	2.7	1.71	3.71	.46	3
2020-10-05 20:25:00	2.86	1.71	3.74	.42	3
2020-10-05 20:35:00	3.47	1.61	6	.91	3
2020-10-05 20:45:00	6.43	2.2	9.58	2.11	3
2020-10-05 20:55:00	7.33	3.05	10.13	1.31	3
2020-10-05 21:05:00	5.64	2.04	8.69	1.55	3
2020-10-05 21:15:00	8.07	2.67	10.21	1.58	3
2020-10-05 21:25:00	9.71	8.1	11.09	.54	3
2020-10-05 21:35:00	9.53	8.37	11.23	.49	3
2020-10-05 21:45:00	8.66	5.43	10.66	.75	3
2020-10-05 21:55:00	7.66	2.05	10.43	1.87	3
2020-10-05 22:05:00	7.27	2.2	11.12	2.02	3
2020-10-05 22:15:00	6.84	2.65	11.63	2.33	3
2020-10-05 22:25:00	7.5	3.12	11.44	2.25	3
2020-10-05 22:35:00	5.75	2.76	10.84	1.82	3
2020-10-05 22:45:00	7.05	3.59	11.56	1.99	3
2020-10-05 22:55:00	6.39	3.72	11.29	1.69	3
2020-10-05 23:05:00	9.42	4.39	13.09	1.64	3
2020-10-05 23:15:00	10.08	7.27	12.02	.78	3
2020-10-05 23:25:00	8.99	3.47	12.12	1.72	3
2020-10-05 23:35:00	5.94	2.63	10.78	1.76	3
2020-10-05 23:45:00	5.46	3.05	10.53	1.39	3
2020-10-05 23:55:00	6.69	3.11	11	1.43	3
2020-10-06 00:05:00	6.46	3.21	11.1	1.87	3
2020-10-06 00:15:00	6.26	1.61	10.89	2	3
2020-10-06 00:25:00	4.51	1.57	10.46	1.82	7
2020-10-06 00:35:00	5.69	1.53	10.99	2.45	3
2020-10-06 00:45:00	9.4	4.54	13.14	1.48	3
2020-10-06 00:55:00	10.06	6.1	11.94	.82	3
2020-10-06 01:05:00	7.23	2.47	11.75	2.29	3
2020-10-06 01:15:00	3.94	1.31	7.61	1.04	3
2020-10-06 01:25:00	4.31	1.03	9.2	1.68	7
2020-10-06 01:35:00	3.25	.5	6.62	1.02	3
2020-10-06 01:45:00	3.74	1.47	6.89	1.03	3
2020-10-06 01:55:00	3.34	1.3	7.41	1.06	3
2020-10-06 02:05:00	3.31	.92	6.62	.94	3
2020-10-06 02:15:00	3.65	1.14	7.31	1.17	3
2020-10-06 02:25:00	3.65	1.11	6.87	1.19	3
2020-10-06 02:35:00	3.43	1.08	6.39	1.01	3
2020-10-06 02:45:00	3.61	1.39	6.47	.94	3
2020-10-06 02:55:00	4.12	1.51	8.31	1.13	3
2020-10-06 03:05:00	3.84	1.45	7.63	1.26	3
2020-10-06 03:15:00	4.29	1.71	8.06	1.33	3
2020-10-06 03:25:00	4.77	2.41	8.47	1.38	3
2020-10-06 03:35:00	4.48	1.54	8.05	1.32	3
2020-10-06 03:45:00	4.3	1.17	8.05	1.3	3
2020-10-06 03:55:00	4.7	1.7	8.74	1.53	3
2020-10-06 04:05:00	4.25	1.61	7.05	1.39	3
2020-10-06 04:15:00	4.48	1.81	7.23	1.37	3
2020-10-06 04:25:00	3.78	1.67	7.44	1.11	3
2020-10-06 04:35:00	4.65	1.31	6.47	.95	3
2020-10-06 04:45:00	4.77	1.96	7.11	1.19	3
2020-10-06 04:55:00	5.12	2.03	8.34	1.41	3
2020-10-06 05:05:00	4.49	1.81	7.19	1.18	3
2020-10-06 05:15:00	4.64	1.81	8.21	1.5	3
2020-10-06 05:25:00	4.94	1.64	8.35	1.52	3
2020-10-06 05:35:00	4.65	.75	7.89	1.59	3
2020-10-06 05:45:00	4.85	.9	7.63	1.3	3
2020-10-06 05:55:00	5.14	2.52	7.92	1.01	3
2020-10-06 06:05:00	4.81	1.53	7.56	1.36	3
2020-10-06 06:15:00	4.93	1.51	7.89	1.57	3
2020-10-06 06:25:00	5.05	2.42	8.95	1.44	3
2020-10-06 06:35:00	6.7	.78	9.73	1.78	3
2020-10-06 06:45:00	5.81	2.5	9.18	1.27	3
2020-10-06 06:55:00	4.72	1.91	8.06	1.45	3
2020-10-06 07:05:00	5.17	1.89	7.88	1.45	3
2020-10-06 07:15:00	5.9	2.4	9.06	1.22	3
2020-10-06 07:25:00	6.41	2.12	8.38	1.11	3
2020-10-06 07:35:00	7.06	3.28	10.07	.91	3
2020-10-06 07:45:00	7.53	4.68	9.53	.81	3
2020-10-06 07:55:00	7.01	3.02	9.26	.96	3
2020-10-06 08:05:00	7.47	5.34	9.33	.86	3
2020-10-06 08:15:00	7.46	5.36	9.26	.78	3
2020-10-06 08:25:00	8.01	4.01	10.3	.85	3
2020-10-06 08:35:00	7.98	6.06	10.19	.72	3
2020-10-06 08:45:00	7.25	5.13	9.29	.73	3
2020-10-06 08:55:00	8.43	6.25	10.64	.82	3
2020-10-06 09:05:00	8.5	4.41	11.4	1.03	3
2020-10-06 09:15:00	8.82	6.53	11.23	.88	3
2020-10-06 09:25:00	8.52	5.14	11.07	1.03	3
2020-10-06 09:35:00	8.27	5.34	10.53	.88	3
2020-10-06 09:45:00	8.08	5.27	10.7	.95	3
2020-10-06 09:55:00	7.38	4.6	10.15	.94	3
2020-10-06 10:05:00	6.38	4.09	8.32	.81	3
2020-10-06 10:15:00	6.87	4.35	10.35	1.21	3
2020-10-06 10:25:00	9.21	5.84	11.42	.97	3
2020-10-06 10:35:00	9.31	5.63	11.58	1.05	3
2020-10-06 10:45:00	9.8	6.43	12.59	1.05	3
2020-10-06 10:55:00	8.8	4.98	13.38	1.5	3
2020-10-06 11:05:00	9.72	5.67	12.04	1.08	3
2020-10-06 11:15:00	10.92	7.7	14.12	1.07	3
2020-10-06 11:25:00	9.73	6.61	11.97	.98	3
2020-10-06 11:35:00	8.81	5.43	11.52	1.09	3
2020-10-06 11:45:00	10.14	6.86	12.64	1.09	3
2020-10-06 11:55:00	9.99	6.96	12.82	.88	3
2020-10-06 12:05:00	9.59	6.74	12.7	1.09	3
2020-10-06 12:15:00	11.1	8.25	14	1.21	3
2020-10-06 12:25:00	11.14	7.47	14.06	1.12	3
2020-10-06 12:35:00	11.05	8.03	13.64	1.1	3
2020-10-06 12:45:00	11.35	8.56	13.41	.87	3
2020-10-06 12:55:00	9.89	6.31	12.67	1.09	3
2020-10-06 13:05:00	10.33	5.77	14.66	1.16	3
2020-10-06 13:15:00	9.78	4.69	13.39	1.42	3
2020-10-06 13:25:00	10.63	7.72	13.14	.99	3
2020-10-06 13:35:00	9.87	5.03	13.09	1.45	3
2020-10-06 13:45:00	9.49	4.7	12.99	1.64	3
2020-10-06 13:55:00	7.04	2.73	12.69	2.17	3
2020-10-06 14:05:00	7.79	2.96	12.36	1.75	3
2020-10-06 14:15:00	9.65	4.77	13.05	1.74	3
2020-10-06 14:25:00	9.68	5.26	13.27	1.54	3
2020-10-06 14:35:00	10.27	6.64	14.02	1.14	3
2020-10-06 14:45:00	10.52	6.3	13.46	1.41	3
2020-10-06 14:55:00	9.66	5.97	12.87	1.31	3
2020-10-06 15:05:00	9.47	4.31	13.45	1.57	3
2020-10-06 15:15:00	9.82	5.67	13.29	1.24	3
2020-10-06 15:25:00	9.84	4.48	12.6	1.33	3
2020-10-06 15:35:00	8.43	3.33	11.57	1.39	3
2020-10-06 15:45:00	9.4	4.5	12.26	1.1	3
2020-10-06 15:55:00	8.75	4.95	11.76	1.23	3
2020-10-06 16:05:00	7.63	2.99	11.31	1.4	3
2020-10-06 16:15:00	7.26	3.75	10.46	1.16	3
2020-10-06 16:25:00	8.59	6.21	11.16	.85	3
2020-10-06 16:35:00	8.52	3.67	11.38	1.09	3
2020-10-06 16:45:00	8.92	6.26	12.26	1.09	3
2020-10-06 16:55:00	8.55	6.21	10.71	.83	3
2020-10-06 17:05:00	8.7	5.92	11.58	.82	3
2020-10-06 17:15:00	8.8	6.38	11.38	.87	3
2020-10-06 17:25:00	8.96	5.35	11.53	1.1	3
2020-10-06 17:35:00	8.66	5.71	11.71	1.02	3
2020-10-06 17:45:00	8.63	5.54	11.54	1.19	3
2020-10-06 17:55:00	7.59	4.53	10.53	1.03	3
2020-10-06 18:05:00	7.58	4.97	12.11	1.32	3
2020-10-06 18:15:00	7.74	5.16	10.72	1.16	3
2020-10-06 18:25:00	7.9	5.28	11.59	1.18	3
2020-10-06 18:35:00	7.69	4.36	11.27	1.21	3
2020-10-06 18:45:00	7.13	4.76	10.28	.96	3
2020-10-06 18:55:00	7.2	4.9	10.33	1.06	3
2020-10-06 19:05:00	7.89	4.63	10.96	1.12	3
2020-10-06 19:15:00	8.02	4.83	10.79	1.16	3
2020-10-06 19:25:00	7.45	4.9	11.22	1.17	3
2020-10-06 19:35:00	7.03	4.85	9.41	.91	3
2020-10-06 19:45:00	8.25	4.79	11.33	1.18	3
2020-10-06 19:55:00	7.29	3.95	10.79	1.13	3
2020-10-06 20:05:00	7.16	4.83	10.78	1.12	3
2020-10-06 20:15:00	7.96	4.58	10.97	1.17	3
2020-10-06 20:25:00	8.21	4.92	11.18	1.23	3
2020-10-06 20:35:00	8.71	5.1	11.45	1.13	3
2020-10-06 20:45:00	8.47	5.19	11.19	1.08	3
2020-10-06 20:55:00	8.55	6	11.26	1.02	3
2020-10-06 21:05:00	8.64	5.67	12.06	1	3
2020-10-06 21:15:00	7.81	4.54	10.81	1.01	3
2020-10-06 21:25:00	8.35	6.09	10.67	.77	3
2020-10-06 21:35:00	8.3	4.15	11.12	1.23	3
2020-10-06 21:45:00	8.3	5.29	12.07	1.12	3
2020-10-06 21:55:00	7.53	2.77	9.43	1.1	3
2020-10-06 22:05:00	7.4	3.3	10.5	1.11	3
2020-10-06 22:15:00	8.09	3.92	11.33	1.24	3
2020-10-06 22:25:00	7.43	3.32	11.03	1.27	3
2020-10-06 22:35:00	7.89	4.57	11.28	1.03	3
2020-10-06 22:45:00	8.26	4.46	10.42	.89	3
2020-10-06 22:55:00	7.63	4.55	10.4	.98	3
2020-10-06 23:05:00	8.23	5.43	10.75	1	3
2020-10-06 23:15:00	8.13	5.2	10.43	1.06	3
2020-10-06 23:25:00	7.91	5.62	10.17	.88	3
2020-10-06 23:35:00	7.22	4.47	9.7	1.01	3
2020-10-06 23:45:00	7.72	5.38	10.43	.84	3
2020-10-06 23:55:00	8.1	3.84	10.68	1.02	3
2020-10-07 00:05:00	7.3	5.17	9.26	.66	3
2020-10-07 00:15:00	7.24	3.73	9.35	.85	3
2020-10-07 00:25:00	8.08	4.57	10.15	.85	3
2020-10-07 00:35:00	8.18	4.23	10.8	1.2	3
2020-10-07 00:45:00	8.33	4.95	10.84	1.03	3
2020-10-07 00:55:00	7.78	3.49	11.05	1.12	3
2020-10-07 01:05:00	8	2.98	11.8	1.22	3
2020-10-07 01:15:00	7.18	3.07	10.47	1.38	3
2020-10-07 01:25:00	6.54	2.5	9.53	1.47	3
2020-10-07 01:35:00	6.13	2.7	9.29	1.49	3
2020-10-07 01:45:00	6.2	2.58	8.92	1.18	3
2020-10-07 01:55:00	5.42	1.87	8.86	1.55	3
2020-10-07 02:05:00	5.82	1.17	8.88	1.72	3
2020-10-07 02:15:00	6.45	2.2	9.35	1.25	3
2020-10-07 02:25:00	5.66	1.66	8.59	1.59	3
2020-10-07 02:35:00	6.16	2.12	9.1	1.37	3
2020-10-07 02:45:00	6.31	1.94	8.78	1.43	3
2020-10-07 02:55:00	5.68	2.68	9.24	1.41	3
2020-10-07 03:05:00	6.57	1.63	10.41	1.61	3
2020-10-07 03:15:00	6.92	2.37	10.4	1.52	3
2020-10-07 03:25:00	7.3	1.78	10.21	1.64	3
2020-10-07 03:35:00	8.01	3.73	11.04	1.32	3
2020-10-07 03:45:00	7.01	2.51	11.73	1.76	3
2020-10-07 03:55:00	6.48	2.31	10.27	1.77	3
2020-10-07 04:05:00	7.1	2.88	10.44	1.73	3
2020-10-07 04:15:00	6.15	2.56	10.27	1.8	3
2020-10-07 04:25:00	5.58	1.92	10.72	1.81	3
2020-10-07 04:35:00	6.64	2.64	11.44	1.76	3
2020-10-07 04:45:00	5.57	1.51	10.81	1.9	3
2020-10-07 04:55:00	6.34	2.48	11.26	1.87	3
2020-10-07 05:05:00	6.91	2.88	11.68	2.08	3
2020-10-07 05:15:00	6.52	2.84	12.39	1.72	7
2020-10-07 05:25:00	5.4	1.04	11.66	1.86	7
2020-10-07 05:35:00	4.97	1.52	9.43	1.61	3
2020-10-07 05:45:00	5.49	2.02	10.84	1.66	7
2020-10-07 05:55:00	5.86	2.3	10.18	1.64	3
2020-10-07 06:05:00	5.47	1.56	10.43	1.9	3
2020-10-07 06:15:00	5.55	2.32	10.93	1.65	7
2020-10-07 06:25:00	6.77	2.49	11.89	1.97	3
2020-10-07 06:35:00	5.69	1.89	9.71	1.73	3
2020-10-07 06:45:00	6.27	2.09	10.79	1.77	3
2020-10-07 06:55:00	6.65	2.1	11.26	1.85	3
2020-10-07 07:05:00	6.88	2.37	10.62	1.69	3
2020-10-07 07:15:00	6.83	2.08	10.57	1.58	3
2020-10-07 07:25:00	6.53	3.05	8.88	1.13	3
2020-10-07 07:35:00	6.91	3.67	10.26	1.2	3
2020-10-07 07:45:00	6.98	1.56	9.59	1.46	3
2020-10-07 07:55:00	6.28	2.85	10.55	1.51	3
2020-10-07 08:05:00	5.73	1.89	8.96	1.45	3
2020-10-07 08:15:00	6.28	2.11	9.96	1.6	3
2020-10-07 08:25:00	6.32	2.68	9.75	1.51	3
2020-10-07 08:35:00	5.99	2.34	10.48	1.4	3
2020-10-07 08:45:00	6	2	9.67	1.68	3
2020-10-07 08:55:00	6.04	1.93	10.45	1.82	3
2020-10-07 09:05:00	5.08	2.18	8.73	1.39	3
2020-10-07 09:15:00	5.35	1.99	9.28	1.52	3
2020-10-07 09:25:00	5.46	2.24	9.05	1.55	3
2020-10-07 09:35:00	6.06	2.13	9.71	1.73	3
2020-10-07 09:45:00	5.85	1.3	9.39	1.32	3
2020-10-07 09:55:00	6.83	3.26	9.58	1.14	3
2020-10-07 10:05:00	5.75	1.83	12.59	2.08	7
2020-10-07 10:15:00	7.03	1.71	11.51	2.26	3
2020-10-07 10:25:00	5.46	1.8	10.37	1.67	3
2020-10-07 10:35:00	5.2	1.75	9.76	1.51	3
2020-10-07 10:45:00	5.17	1.65	9.33	1.7	3
2020-10-07 10:55:00	5.41	1.36	10.4	1.91	3
2020-10-07 11:05:00	4.61	1.14	8.61	1.54	3
2020-10-07 11:15:00	4.77	1.91	7.22	1.29	3
2020-10-07 11:25:00	3.57	1.08	8.71	1.27	7
2020-10-07 11:35:00	3.79	1.13	8.96	1.75	7
2020-10-07 11:45:00	3.48	.82	9.34	1.4	7
2020-10-07 11:55:00	5.5	1.61	11.17	2.28	7
2020-10-07 12:05:00	4.2	1.84	9.39	1.54	7
2020-10-07 12:15:00	4.02	1.42	9.42	1.39	7
2020-10-07 12:25:00	3.3	1.24	8.41	1.04	7
2020-10-07 12:35:00	3.81	1.36	7.14	1.1	3
2020-10-07 12:45:00	3.98	1.13	6.92	1.06	3
2020-10-07 12:55:00	4.12	1.81	10.06	1.13	7
2020-10-07 13:05:00	4.14	1.89	8.95	1.15	7
2020-10-07 13:15:00	4.5	2.08	8.73	1.05	3
2020-10-07 13:25:00	4.35	2.15	8.34	1.29	3
2020-10-07 13:35:00	4.16	1.81	6.54	.89	3
2020-10-07 13:45:00	3.81	1.21	6.97	1.1	3
2020-10-07 13:55:00	4.27	1.76	6.69	.94	3
2020-10-07 14:05:00	3.83	1.5	6.2	.87	3
2020-10-07 14:15:00	3.85	1.99	8.49	.9	7
2020-10-07 14:25:00	3.94	1.9	6.88	.87	3
2020-10-07 14:35:00	3.83	1.27	6.56	1.02	3
2020-10-07 14:45:00	4.05	1.4	6.83	.98	3
2020-10-07 14:55:00	4.31	1.55	7.25	1.03	3
2020-10-07 15:05:00	4.82	1.96	9.91	1.09	7
2020-10-07 15:15:00	4.99	1.23	9.89	1.49	3
2020-10-07 15:25:00	4.91	2	9.97	1.48	7
2020-10-07 15:35:00	4.31	1.72	6.2	.79	3
2020-10-07 15:45:00	4.42	2.16	9.06	1.19	3
2020-10-07 15:55:00	5.49	2.68	11.27	1.54	7
2020-10-07 16:05:00	5.19	1.9	9.66	1.42	3
2020-10-07 16:15:00	5.4	2.66	9.8	1.24	3
2020-10-07 16:25:00	5.12	2.76	7.97	.9	3
2020-10-07 16:35:00	4.77	2.13	10.65	1.32	7
2020-10-07 16:45:00	4.48	1.51	7.05	1.21	3
2020-10-07 16:55:00	3.96	.95	7.35	1.24	3
2020-10-07 17:05:00	3.93	1.4	9.29	1.29	7
2020-10-07 17:15:00	4.04	.85	8.97	1.31	7
2020-10-07 17:25:00	4	1.67	7.56	.99	3
2020-10-07 17:35:00	7.08	1.92	11.38	2.74	3
2020-10-07 17:45:00	8.64	2.89	12.46	2.32	3
2020-10-07 17:55:00	10.93	7.1	12.88	.85	3
2020-10-07 18:05:00	10.45	7.28	12.71	.83	3
2020-10-07 18:15:00	10.91	4.66	12.79	1.04	3
2020-10-07 18:25:00	8.15	3.36	12.22	2.38	3
2020-10-07 18:35:00	9.38	4.36	12.84	1.78	3
2020-10-07 18:45:00	10.45	5.5	12.79	1.29	3
2020-10-07 18:55:00	11.31	5.53	13.31	1.35	3
2020-10-07 19:05:00	11.9	9.83	14.52	.94	3
2020-10-07 19:15:00	12.92	10.8	14.45	.65	3
2020-10-07 19:25:00	13.35	11.14	14.73	.64	3
2020-10-07 19:35:00	13.26	10.65	14.56	.63	3
2020-10-07 19:45:00	12.7	10.98	14.32	.58	3
2020-10-07 19:55:00	12.03	9.8	13.77	.69	3
2020-10-07 20:05:00	11.83	9.28	13.39	.65	3
2020-10-07 20:15:00	12.02	10.29	13.45	.59	3
2020-10-07 20:25:00	11.82	9.98	13.11	.54	3
2020-10-07 20:35:00	11.57	9.37	12.98	.62	3
2020-10-07 20:45:00	11.47	9.57	12.79	.51	3
2020-10-07 20:55:00	11.5	9.43	12.71	.51	3
2020-10-07 21:05:00	11.37	10.03	12.49	.4	3
2020-10-07 21:15:00	11.65	9.55	12.8	.66	3
2020-10-07 21:25:00	11.23	8.8	12.41	.57	3
2020-10-07 21:35:00	10.88	9.02	12.15	.56	3
2020-10-07 21:45:00	10.83	8.47	12.15	.63	3
2020-10-07 21:55:00	10.65	8.97	13.41	.54	3
2020-10-07 22:05:00	11.16	9.38	12.05	.44	3
2020-10-07 22:15:00	10.75	9.06	12	.52	3
2020-10-07 22:25:00	10.18	8.12	11.37	.6	3
2020-10-07 22:35:00	10.26	8.35	11.96	.52	3
2020-10-07 22:45:00	9.93	8.1	11.82	.68	3
2020-10-07 22:55:00	10.18	7.55	11.65	.62	3
2020-10-07 23:05:00	10.39	5.26	12.26	1.04	3
2020-10-07 23:15:00	10.33	8.5	12.43	.7	3
2020-10-07 23:25:00	10.96	9.28	12.07	.42	3
2020-10-07 23:35:00	11.08	9.35	12.6	.56	3
2020-10-07 23:45:00	10.58	8.41	11.57	.53	3
2020-10-07 23:55:00	10.2	8.75	11.8	.69	3
2020-10-08 00:05:00	10.22	8.56	11.33	.53	3
2020-10-08 00:15:00	10.44	9.15	11.63	.36	3
2020-10-08 00:25:00	10.11	8.65	11.45	.56	3
2020-10-08 00:35:00	9.96	8.65	11.26	.47	3
2020-10-08 00:45:00	9.73	8.22	10.83	.43	3
2020-10-08 00:55:00	9.65	8.38	10.83	.47	3
2020-10-08 01:05:00	9.32	7.87	10.63	.49	3
2020-10-08 01:15:00	10.71	8.17	12.12	.71	3
2020-10-08 01:25:00	10.24	8.82	11.37	.44	3
2020-10-08 01:35:00	10.03	8.48	11.57	.49	3
2020-10-08 01:45:00	10.12	8.13	11.83	.53	3
2020-10-08 01:55:00	10.22	8.84	11.43	.47	3
2020-10-08 02:05:00	9.76	8.34	10.85	.56	3
2020-10-08 02:15:00	9.68	8.33	11.31	.46	3
2020-10-08 02:25:00	9.74	8.53	10.8	.42	3
2020-10-08 02:35:00	9.46	8.27	10.54	.45	3
2020-10-08 02:45:00	9.15	7.9	10.16	.4	3
2020-10-08 02:55:00	9.18	7.74	10.62	.6	3
2020-10-08 03:05:00	9.87	8.43	10.93	.6	3
2020-10-08 03:15:00	10.03	8.51	11.42	.47	3
2020-10-08 03:25:00	10.02	8.32	11.34	.47	3
2020-10-08 03:35:00	10.28	5.72	12.45	.96	3
2020-10-08 03:45:00	11.06	9.38	13.15	.57	3
2020-10-08 03:55:00	10.8	6.35	12.84	1.22	3
2020-10-08 04:05:00	11.79	9.43	13.32	.66	3
2020-10-08 04:15:00	11.4	10.2	12.78	.43	3
2020-10-08 04:25:00	11.45	9.32	12.88	.56	3
2020-10-08 04:35:00	11.74	8.84	13.02	.59	3
2020-10-08 04:45:00	11.86	10.35	13.18	.46	3
2020-10-08 04:55:00	11.6	10.17	12.74	.5	3
2020-10-08 05:05:00	11.28	9.52	12.74	.63	3
2020-10-08 05:15:00	11.93	9.23	13.46	.99	3
2020-10-08 05:25:00	12.17	10.27	13.39	.59	3
2020-10-08 05:35:00	11.73	9.45	13.13	.62	3
2020-10-08 05:45:00	11.48	7.23	13.74	1.45	3
2020-10-08 05:55:00	11.89	10.25	13.29	.51	3
2020-10-08 06:05:00	11.08	5.08	13.47	1.82	3
2020-10-08 06:15:00	11.02	7.37	13.94	1.34	3
2020-10-08 06:25:00	9.1	6.29	13.06	1.77	3
2020-10-08 06:35:00	9.39	6.56	12.8	1.35	3
2020-10-08 06:45:00	9	6.25	12.97	1.23	3
2020-10-08 06:55:00	8.47	6.02	12.25	1.31	3
2020-10-08 07:05:00	9.37	6.11	12.95	1.68	3
2020-10-08 07:15:00	10.82	7.99	12.6	1.09	3
2020-10-08 07:25:00	9.46	3.76	12.53	1.94	3
2020-10-08 07:35:00	8.98	3.46	12.48	2.27	3
2020-10-08 07:45:00	7.66	3.53	10.88	1.13	3
2020-10-08 07:55:00	6.44	2.33	11.44	1.86	3
2020-10-08 08:05:00	5.92	2.42	11.07	1.77	3
2020-10-08 08:15:00	6.04	2.34	11.22	1.71	3
2020-10-08 08:25:00	6.74	2.45	11.68	2.06	3
2020-10-08 08:35:00	5.31	1.91	10.81	1.8	7
2020-10-08 08:45:00	6.79	1.8	12.43	2.06	3
2020-10-08 08:55:00	6.41	2.15	11.76	2.36	3
2020-10-08 09:05:00	6.08	1.61	10.05	1.77	3
2020-10-08 09:15:00	5.55	.99	11.13	2.09	7
2020-10-08 09:25:00	5.91	2.09	11.03	1.9	3
2020-10-08 09:35:00	5.58	2.25	10.44	1.78	3
2020-10-08 09:45:00	5.86	1.45	10.49	1.94	3
2020-10-08 09:55:00	5.53	1.21	9.66	1.77	3
2020-10-08 10:05:00	5.72	2.27	11.04	1.97	3
2020-10-08 10:15:00	6.59	2.05	11.7	1.8	3
2020-10-08 10:25:00	5.59	1.7	11.6	1.97	7
2020-10-08 10:35:00	6.33	1.74	10.82	1.81	3
2020-10-08 10:45:00	5.09	1.39	9.25	1.81	3
2020-10-08 10:55:00	5.32	1.85	10.17	1.68	3
2020-10-08 11:05:00	6.09	1.92	10.68	1.94	3
2020-10-08 11:15:00	6.66	2.93	9.97	1.58	3
2020-10-08 11:25:00	7.59	3.27	10.89	1.65	3
2020-10-08 11:35:00	7.31	2.38	12.52	1.83	3
2020-10-08 11:45:00	7.25	3.37	10.84	1.69	3
2020-10-08 11:55:00	6.61	2.45	10.67	1.76	3
2020-10-08 12:05:00	7.48	2.91	11.08	1.55	3
2020-10-08 12:15:00	7.47	3.56	11.58	1.27	3
2020-10-08 12:25:00	7.85	4	11.29	1.43	3
2020-10-08 12:35:00	9.16	3.56	12.31	1.82	3
2020-10-08 12:45:00	8.97	4.36	11.9	1.18	3
2020-10-08 12:55:00	8.91	5.02	12.89	1.2	3
2020-10-08 13:05:00	9.22	4.89	11.46	1.11	3
2020-10-08 13:15:00	9.23	6.08	11.48	.98	3
2020-10-08 13:25:00	9.86	6.15	12.24	.98	3
2020-10-08 13:35:00	11.02	7.92	14.07	1.21	3
2020-10-08 13:45:00	10.46	6.61	13.51	1.24	3
2020-10-08 13:55:00	10.05	5.7	13.45	1.19	3
2020-10-08 14:05:00	9.97	6.81	12.91	1.3	3
2020-10-08 14:15:00	9.77	6.22	12.62	1.34	3
2020-10-08 14:25:00	10.02	6.35	13.16	1.37	3
2020-10-08 14:35:00	9.99	6.53	14	1.53	3
2020-10-08 14:45:00	11.02	6.97	14.75	1.37	3
2020-10-08 14:55:00	11.4	7.05	14.33	1.24	3
2020-10-08 15:05:00	10.15	7.07	13.7	1.18	3
2020-10-08 15:15:00	8.99	5.63	12.89	1.19	3
2020-10-08 15:25:00	11.55	8.07	15.34	1.31	3
2020-10-08 15:35:00	11.54	8.7	16.76	1.26	3
2020-10-08 15:45:00	12.47	8.49	16.5	1.55	3
2020-10-08 15:55:00	12.35	9.32	15.83	1.25	3
2020-10-08 16:05:00	12.09	8.44	14.95	1.31	3
2020-10-08 16:15:00	11.63	8.18	14.44	1.36	3
2020-10-08 16:25:00	11.37	6.85	15.1	1.26	3
2020-10-08 16:35:00	11.54	7.99	15.22	1.47	3
2020-10-08 16:45:00	10.3	6.76	13.74	1.18	3
2020-10-08 16:55:00	11.32	8.39	14.54	1.28	3
2020-10-08 17:05:00	10.78	7.5	14.57	1.29	3
2020-10-08 17:15:00	12.05	7.96	15.03	1.22	3
2020-10-08 17:25:00	12.17	8.16	15.39	1.39	3
2020-10-08 17:35:00	12.31	8.25	15.64	1.06	3
2020-10-08 17:45:00	11.73	8.22	14.62	1.24	3
2020-10-08 17:55:00	11.99	9.54	14.21	.83	3
2020-10-08 18:05:00	11.51	9.14	13.69	.93	3
2020-10-08 18:15:00	11.49	9.06	14.13	.84	3
2020-10-08 18:25:00	11.49	8.05	14.6	.96	3
2020-10-08 18:35:00	11.1	8.64	14.84	.93	3
2020-10-08 18:45:00	9.96	7	12.65	.93	3
2020-10-08 18:55:00	10.28	6.53	13.26	1.19	3
2020-10-08 19:05:00	9.86	3.68	13.59	1.48	3
2020-10-08 19:15:00	10.56	6.28	13.62	1.38	3
2020-10-08 19:25:00	9.88	6.83	13.25	1.08	3
2020-10-08 19:35:00	10.45	6	13.57	1.27	3
2020-10-08 19:45:00	10.95	7.07	13.61	.99	3
2020-10-08 19:55:00	10.91	8.31	14.82	1.12	3
2020-10-08 20:05:00	10.36	6.3	13.79	1.13	3
2020-10-08 20:15:00	10.6	7.51	13.74	1.05	3
2020-10-08 20:25:00	11.34	7.35	14.84	1.38	3
2020-10-08 20:35:00	11.11	6.37	14.7	1.44	3
2020-10-08 20:45:00	11.18	4.76	15.27	2.12	3
2020-10-08 20:55:00	9.2	4.33	15.64	2.21	3
2020-10-08 21:05:00	9.14	5.98	14.46	1.27	3
2020-10-08 21:15:00	9.52	6.05	13.79	1.49	3
2020-10-08 21:25:00	11.27	7.33	15.01	1.15	3
2020-10-08 21:35:00	12.01	8.89	15.88	1.14	3
2020-10-08 21:45:00	12.15	9.1	16.05	1.16	3
2020-10-08 21:55:00	11.43	8	14.81	1.12	3
2020-10-08 22:05:00	10.56	7.72	14.15	1.12	3
2020-10-08 22:15:00	10.19	7.48	13.34	1.15	3
2020-10-08 22:25:00	10.22	7.71	12.78	.97	3
2020-10-08 22:35:00	10.74	7.42	13.56	1.03	3
2020-10-08 22:45:00	11	8.45	14.41	1.13	3
2020-10-08 22:55:00	9.83	6.11	13.44	1.24	3
2020-10-08 23:05:00	10.73	8.52	13.87	1.02	3
2020-10-08 23:15:00	12.36	9.52	16.12	1.33	3
2020-10-08 23:25:00	12.05	9.55	15.15	1.17	3
2020-10-08 23:35:00	13.3	9.12	16.59	1.36	3
2020-10-08 23:45:00	13.28	10.56	15.86	.96	3
2020-10-08 23:55:00	14	11.16	15.81	.95	3
2020-10-09 00:05:00	13.47	10.57	15.78	.98	3
2020-10-09 00:15:00	12.51	7.46	16.45	1.8	3
2020-10-09 00:25:00	15.5	12.87	17.87	1	3
2020-10-09 00:35:00	16.31	13.18	18.74	1.11	3
2020-10-09 00:45:00	17.41	13.52	19.23	.89	3
2020-10-09 00:55:00	15.85	12.64	18.78	1.13	3
2020-10-09 01:05:00	15.93	12.1	18.06	1.1	3
2020-10-09 01:15:00	16.34	12.42	19.39	1.37	3
2020-10-09 01:25:00	17.07	13.78	18.87	.83	3
2020-10-09 01:35:00	16	12.11	18.17	1.1	3
2020-10-09 01:45:00	15.88	12.73	17.99	1.09	3
2020-10-09 01:55:00	15.08	12.09	18.53	1.3	3
2020-10-09 02:05:00	15.87	12.68	17.85	.95	3
2020-10-09 02:15:00	14.88	12.17	17.15	1	3
2020-10-09 02:25:00	14.77	10.05	17.51	1.03	3
2020-10-09 02:35:00	14.96	11.91	17.2	.97	3
2020-10-09 02:45:00	15.06	12.65	17.68	.94	3
2020-10-09 02:55:00	15.09	12.69	17.51	.93	3
2020-10-09 03:05:00	14.39	11.53	16.34	.99	3
2020-10-09 03:15:00	14.49	11.66	16.79	.96	3
2020-10-09 03:25:00	14.3	11.26	16.31	.92	3
2020-10-09 03:35:00	13.95	11.43	16.18	.92	3
2020-10-09 03:45:00	14.35	11.43	16.41	.84	3
2020-10-09 03:55:00	14.14	11.19	16.5	1.08	3
2020-10-09 04:05:00	13.77	10.96	15.56	.86	3
2020-10-09 04:15:00	13.02	9.99	15.28	1	3
2020-10-09 04:25:00	13.39	10.65	15.23	.81	3
2020-10-09 04:35:00	12.79	10.22	14.76	.89	3
2020-10-09 04:45:00	12.85	10.4	14.56	.92	3
2020-10-09 04:55:00	12.26	10.45	14.15	.73	3
2020-10-09 05:05:00	12.38	9.62	14.66	1.01	3
2020-10-09 05:15:00	11.94	9.92	13.77	.75	3
2020-10-09 05:25:00	11.95	9.67	13.5	.68	3
2020-10-09 05:35:00	12.23	9.87	14.33	.8	3
2020-10-09 05:45:00	12.45	9.46	14.21	.76	3
2020-10-09 05:55:00	11.68	9.41	13.85	.86	3
2020-10-09 06:05:00	11.15	9.25	13.21	.74	3
2020-10-09 06:15:00	11	8.13	14.29	.91	3
2020-10-09 06:25:00	11.23	9.06	12.7	.71	3
2020-10-09 06:35:00	11.45	9.79	13.84	.73	3
2020-10-09 06:45:00	10.88	8.48	12.74	.79	3
2020-10-09 06:55:00	10.61	9.19	12.17	.56	3
2020-10-09 07:05:00	9.68	7.44	11.38	.81	3
2020-10-09 07:15:00	9.82	8.07	11.72	.71	3
2020-10-09 07:25:00	9.76	7.75	11.19	.65	3
2020-10-09 07:35:00	9.52	8.24	10.92	.52	3
2020-10-09 07:45:00	8.83	7.03	10.66	.69	3
2020-10-09 07:55:00	8.64	6.89	10.12	.6	3
2020-10-09 08:05:00	9.06	7.67	10.74	.57	3
2020-10-09 08:15:00	8.73	6.78	10.35	.66	3
2020-10-09 08:25:00	8.24	6.64	10.35	.61	3
2020-10-09 08:35:00	8.73	6.78	10.52	.62	3
2020-10-09 08:45:00	8.2	6.57	9.7	.54	3
2020-10-09 08:55:00	8.5	6.83	9.75	.52	3
2020-10-09 09:05:00	8.69	6.93	10.24	.56	3
2020-10-09 09:15:00	8.85	7.13	10.74	.77	3
2020-10-09 09:25:00	8.66	6.66	10.23	.61	3
2020-10-09 09:35:00	8.84	7.85	9.75	.4	3
2020-10-09 09:45:00	8.24	6.8	10.43	.54	3
2020-10-09 09:55:00	8.08	6.6	10.01	.66	3
2020-10-09 10:05:00	8.33	6.69	9.6	.57	3
2020-10-09 10:15:00	8.01	6.2	10.14	.68	3
2020-10-09 10:25:00	7.63	6.43	8.87	.38	3
2020-10-09 10:35:00	7.59	5.51	8.96	.85	3
2020-10-09 10:45:00	7.31	5.84	9.6	.8	3
2020-10-09 10:55:00	6.97	5.13	8.09	.53	3
2020-10-09 11:05:00	6.59	4.9	7.82	.51	3
2020-10-09 11:15:00	6.51	5.45	8.01	.48	3
2020-10-09 11:25:00	6.84	5.04	7.82	.47	3
2020-10-09 11:35:00	5.81	2.11	7.47	1.07	3
2020-10-09 11:45:00	6.23	2.21	9.93	1.65	3
2020-10-09 11:55:00	7.38	3.71	9.43	.76	3
2020-10-09 12:05:00	7.78	3.84	9.7	.73	3
2020-10-09 12:15:00	7.5	5.66	8.93	.57	3
2020-10-09 12:25:00	7.12	2.92	8.53	.7	3
2020-10-09 12:35:00	5.71	2.22	8.79	1.61	3
2020-10-09 12:45:00	4.89	1.84	7.91	1.23	3
2020-10-09 12:55:00	6.25	3.24	8.61	1.27	3
2020-10-09 13:05:00	5.31	1.79	7.64	1.55	3
2020-10-09 13:15:00	2.9	.92	5.53	.93	3
2020-10-09 13:25:00	2.56	.99	4.66	.67	3
2020-10-09 13:35:00	3.17	1.24	5.46	.99	3
2020-10-09 13:45:00	3.26	1.44	5.7	.96	3
2020-10-09 13:55:00	3.09	.71	7.01	1.03	3
2020-10-09 14:05:00	2.99	1.33	6.74	.95	3
2020-10-09 14:15:00	4.05	1.29	7.56	1.5	3
2020-10-09 14:25:00	3.03	.98	5.39	.76	3
2020-10-09 14:35:00	3.2	.7	6.61	.97	3
2020-10-09 14:45:00	3.49	.86	8.1	1.1	7
2020-10-09 14:55:00	3.09	.75	6.47	1.04	3
2020-10-09 15:05:00	3.24	1.46	6.98	1.05	3
2020-10-09 15:15:00	3.39	1.12	7.73	1.23	7
2020-10-09 15:25:00	3.3	1.36	6.9	1.1	3
2020-10-09 15:35:00	3.46	1.13	6.94	1.27	3
2020-10-09 15:45:00	4.63	1.76	8.76	1.51	3
2020-10-09 15:55:00	3.58	.99	6.89	1.27	3
2020-10-09 16:05:00	3.91	1.05	7.44	1.19	3
2020-10-09 16:15:00	4	1.61	8.12	1.16	3
2020-10-09 16:25:00	4.25	2.08	7.17	1.2	3
2020-10-09 16:35:00	4.68	2.12	7.05	.92	3
2020-10-09 16:45:00	5.39	3.29	7.83	.7	3
2020-10-09 16:55:00	5.96	3.26	8.34	1.03	3
2020-10-09 17:05:00	6.17	3.42	8.8	1.07	3
2020-10-09 17:15:00	7.01	4.07	9.33	.95	3
2020-10-09 17:25:00	7.23	5.03	9.2	.75	3
2020-10-09 17:35:00	6.65	4.39	9.09	.78	3
2020-10-09 17:45:00	6.39	3.77	8.45	.92	3
2020-10-09 17:55:00	6	2.15	8.83	1.45	3
2020-10-09 18:05:00	7.79	4.73	10.26	1.03	3
2020-10-09 18:15:00	8	4.57	9.96	.93	3
2020-10-09 18:25:00	7.32	5.24	9.33	.68	3
2020-10-09 18:35:00	6.86	4.54	9.21	.71	3
2020-10-09 18:45:00	7.18	3.81	10.94	1.08	3
2020-10-09 18:55:00	7.48	4.94	11.15	.97	3
2020-10-09 19:05:00	8.04	5.5	10.6	.94	3
2020-10-09 19:15:00	7.92	5.59	10.97	.96	3
2020-10-09 19:25:00	7.45	3.91	9.49	.95	3
2020-10-09 19:35:00	7.99	4.32	10.12	1.06	3
2020-10-09 19:45:00	8.28	5.39	10.6	.98	3
2020-10-09 19:55:00	8.44	6.46	11.25	.84	3
2020-10-09 20:05:00	8.09	5.81	10.64	.86	3
2020-10-09 20:15:00	8.49	4.88	11.72	1.23	3
2020-10-09 20:25:00	7.48	3.47	10.12	1.31	3
2020-10-09 20:35:00	8.36	5.54	11.45	1.09	3
2020-10-09 20:45:00	8.11	6.14	11.25	.75	3
2020-10-09 20:55:00	7.82	4.35	10.32	.89	3
2020-10-09 21:05:00	7.65	4.06	10.11	.91	3
2020-10-09 21:15:00	6.67	3.32	9.31	1.02	3
2020-10-09 21:25:00	6.97	4.28	9.19	.9	3
2020-10-09 21:35:00	5.91	3.03	8.76	1.1	3
2020-10-09 21:45:00	5.79	1.27	9.27	1.62	3
2020-10-09 21:55:00	5.63	2.21	9.2	1.52	3
2020-10-09 22:05:00	6.13	1.33	10.84	2.07	3
2020-10-09 22:15:00	5.74	1.81	9.49	1.4	3
2020-10-09 22:25:00	4.81	1.27	9.32	1.63	3
2020-10-09 22:35:00	5.16	2.13	10.9	1.62	7
2020-10-09 22:45:00	5.07	1.67	10.35	1.63	7
2020-10-09 22:55:00	5.37	1.74	9.21	1.54	3
2020-10-09 23:05:00	4.06	1.34	8.78	1.35	7
2020-10-09 23:15:00	3.55	1.4	7.14	1.11	3
2020-10-09 23:25:00	3.49	1.25	6.87	1.07	3
2020-10-09 23:35:00	3.9	1.48	9.07	1.58	7
2020-10-09 23:45:00	3.34	1.25	8.04	1.13	7
2020-10-09 23:55:00	3.38	1.27	7.56	1.07	3
2020-10-10 00:05:00	3.71	1.16	7.14	1.03	3
2020-10-10 00:15:00	3.96	1	8.45	1.49	7
2020-10-10 00:25:00	4.4	2	7.46	1.22	3
2020-10-10 00:35:00	4.95	1.32	9.08	1.46	3
2020-10-10 00:45:00	4.81	1.46	8.46	1.49	3
2020-10-10 00:55:00	5.81	2.19	8.7	1.48	3
2020-10-10 01:05:00	6.4	2.66	10.08	1.6	3
2020-10-10 01:15:00	6.52	2.91	9.32	1.35	3
2020-10-10 01:25:00	5.79	1.49	9.2	1.52	3
2020-10-10 01:35:00	5.97	2.03	10.57	1.95	3
2020-10-10 01:45:00	6.53	2.53	11.58	1.91	3
2020-10-10 01:55:00	5.66	1.56	10.35	1.99	3
2020-10-10 02:05:00	5.14	1.83	10.93	1.79	7
2020-10-10 02:15:00	5.95	2.04	11.09	1.8	3
2020-10-10 02:25:00	5.66	1.4	12.07	2.09	7
2020-10-10 02:35:00	5.57	1.61	10.76	1.83	3
2020-10-10 02:45:00	6.03	1.74	10.39	1.8	3
2020-10-10 02:55:00	4.77	1.6	10.61	1.78	7
2020-10-10 03:05:00	6.11	2.24	10.34	1.76	3
2020-10-10 03:15:00	4.95	1.65	9.6	1.56	3
2020-10-10 03:25:00	4.83	1.71	9.53	1.56	3
2020-10-10 03:35:00	5.52	1.69	8.83	1.37	3
2020-10-10 03:45:00	6.67	1.49	10.4	1.37	3
2020-10-10 03:55:00	6.3	2.74	10.5	1.43	3
2020-10-10 04:05:00	7.14	2.77	10.7	1.79	3
2020-10-10 04:15:00	7.6	3.09	9.99	1.47	3
2020-10-10 04:25:00	6.78	1.46	10.59	1.88	3
2020-10-10 04:35:00	6.59	1.44	10.54	1.59	3
2020-10-10 04:45:00	6.1	2.18	9.98	1.58	3
2020-10-10 04:55:00	5.97	1.79	10.08	1.82	3
2020-10-10 05:05:00	5.51	2.57	10.08	1.43	3
2020-10-10 05:15:00	6.14	1.78	10.76	1.87	3
2020-10-10 05:25:00	6.36	2.1	11.02	1.76	3
2020-10-10 05:35:00	5.95	2.41	9.66	1.74	3
2020-10-10 05:45:00	5.51	1.73	11.19	1.89	7
2020-10-10 05:55:00	7.27	2.64	11.54	2.19	3
2020-10-10 06:05:00	9.47	5.42	12.35	1.27	3
2020-10-10 06:15:00	8.8	2.33	13.34	2.52	3
2020-10-10 06:25:00	7.19	3.11	12.17	1.39	3
2020-10-10 06:35:00	8.22	3.14	11.88	2.02	3
2020-10-10 06:45:00	10.55	4.74	13.6	1.75	3
2020-10-10 06:55:00	12.02	10.37	13.29	.5	3
2020-10-10 07:05:00	11.43	9.24	12.99	.77	3
2020-10-10 07:15:00	11.97	10.46	13.65	.51	3
2020-10-10 07:25:00	11.74	9.56	13.35	.53	3
2020-10-10 07:35:00	11.39	9.07	12.9	.63	3
2020-10-10 07:45:00	11.15	9.4	12.6	.52	3
2020-10-10 07:55:00	10.68	8.34	12.48	.7	3
2020-10-10 08:05:00	10.91	9.63	12.55	.5	3
2020-10-10 08:15:00	11.11	9.4	12.75	.56	3
2020-10-10 08:25:00	10.62	8.44	12.51	.75	3
2020-10-10 08:35:00	10.97	9.21	12.29	.58	3
2020-10-10 08:45:00	10.31	8.17	12.36	.68	3
2020-10-10 08:55:00	10.02	8.11	11.71	.66	3
2020-10-10 09:05:00	9.62	7.93	11.54	.59	3
2020-10-10 09:15:00	9.91	8.25	11.82	.58	3
2020-10-10 09:25:00	9.49	7.66	11.71	.8	3
2020-10-10 09:35:00	9.66	7.82	11.62	.63	3
2020-10-10 09:45:00	9.1	6.35	11.32	.74	3
2020-10-10 09:55:00	9.65	7.69	11.19	.63	3
2020-10-10 10:05:00	10.58	8.38	12.65	.74	3
2020-10-10 10:15:00	9.85	6.98	12.92	.86	3
2020-10-10 10:25:00	9.3	5.49	11.5	.99	3
2020-10-10 10:35:00	9.8	6.94	11.97	.92	3
2020-10-10 10:45:00	10.5	8.84	12.69	.64	3
2020-10-10 10:55:00	11.13	9.01	12.75	.67	3
2020-10-10 11:05:00	11.64	9.12	13.86	.74	3
2020-10-10 11:15:00	11.93	8.67	13.43	.9	3
2020-10-10 11:25:00	12.76	10.12	14.2	.69	3
2020-10-10 11:35:00	12.88	10.44	15	.8	3
2020-10-10 11:45:00	12.83	9.83	14.62	.96	3
2020-10-10 11:55:00	12.84	9.78	14.71	.86	3
2020-10-10 12:05:00	12.98	11.14	14.22	.58	3
2020-10-10 12:15:00	12.21	9.66	13.92	.78	3
2020-10-10 12:25:00	11.39	9.41	13.35	.77	3
2020-10-10 12:35:00	11.23	8.91	13.89	.89	3
2020-10-10 12:45:00	12.66	10.65	14.26	.63	3
2020-10-10 12:55:00	12.01	10.11	13.57	.63	3
2020-10-10 13:05:00	12.16	9.16	13.96	.88	3
2020-10-10 13:15:00	13.14	10.77	14.98	.68	3
2020-10-10 13:25:00	12.75	9.93	14.53	.8	3
2020-10-10 13:35:00	13.64	11.13	16.1	.87	3
2020-10-10 13:45:00	12.65	8.82	15.41	1.18	3
2020-10-10 13:55:00	11.33	5.89	13.75	1.45	3
2020-10-10 14:05:00	13.37	8.78	16.31	1.2	3
2020-10-10 14:15:00	13.13	8.51	15.9	1.15	3
2020-10-10 14:25:00	13.38	11.31	15.12	.67	3
2020-10-10 14:35:00	13.29	10.26	16.13	.95	3
2020-10-10 14:45:00	12.88	10.8	15.77	.94	3
2020-10-10 14:55:00	13.13	10.94	15.98	.94	3
2020-10-10 15:05:00	12.46	9.28	15.13	.96	3
2020-10-10 15:15:00	12.62	9.72	14.7	.78	3
2020-10-10 15:25:00	12.81	9.69	15.64	1.02	3
2020-10-10 15:35:00	13.15	11.02	15.67	.75	3
2020-10-10 15:45:00	13.1	10.54	15.81	.71	3
2020-10-10 15:55:00	12.9	10.3	15.5	.83	3
2020-10-10 16:05:00	13.15	10.8	15.06	.71	3
2020-10-10 16:15:00	12.48	9.95	14.38	.83	3
2020-10-10 16:25:00	12.07	9.24	13.95	.73	3
2020-10-10 16:35:00	12.13	9.9	13.75	.71	3
2020-10-10 16:45:00	12.15	10.38	14.17	.8	3
2020-10-10 16:55:00	12.19	5.37	15.13	1.47	3
2020-10-10 17:05:00	13.06	10.4	15.39	.94	3
2020-10-10 17:15:00	13.31	10.59	15.11	.78	3
2020-10-10 17:25:00	13.04	10.21	15.39	.93	3
2020-10-10 17:35:00	12.51	9.84	15.65	.96	3
2020-10-10 17:45:00	12	8.64	13.46	.73	3
2020-10-10 17:55:00	10.97	5.34	12.8	.91	3
2020-10-10 18:05:00	11.33	8.64	13.6	1.07	3
2020-10-10 18:15:00	11.86	9.73	13.71	.67	3
2020-10-10 18:25:00	11.6	5.03	14.59	1.57	3
2020-10-10 18:35:00	11.26	7.46	13.4	.86	3
2020-10-10 18:45:00	6.94	2.37	12.29	2.47	3
2020-10-10 18:55:00	8.47	3.31	11.93	2.11	3
2020-10-10 19:05:00	9.6	5.19	12.58	1.05	3
2020-10-10 19:15:00	9.75	7	11.76	.71	3
2020-10-10 19:25:00	8.42	2.57	11.31	1.99	3
2020-10-10 19:35:00	7.68	1.54	12.84	3.16	3
2020-10-10 19:45:00	5.07	1.5	10.47	2.34	7
2020-10-10 19:55:00	9.15	4.07	11.32	.98	3
2020-10-10 20:05:00	10.01	8.02	11.97	.72	3
2020-10-10 20:15:00	9.26	3.59	12.52	1.57	3
2020-10-10 20:25:00	10.61	6.99	12.85	1.03	3
2020-10-10 20:35:00	9.96	7.97	11.74	.89	3
2020-10-10 20:45:00	10.41	7.62	11.98	.54	3
2020-10-10 20:55:00	10.29	8.75	12.52	.59	3
2020-10-10 21:05:00	10.41	6.42	12.79	.9	3
2020-10-10 21:15:00	10.66	8.14	12.42	.65	3
2020-10-10 21:25:00	10.24	3.74	12.56	1.7	3
2020-10-10 21:35:00	11.03	8.26	13.1	.57	3
2020-10-10 21:45:00	11.15	9.64	13.35	.63	3
2020-10-10 21:55:00	10.46	8.39	12.42	.63	3
2020-10-10 22:05:00	10.65	8.44	12.37	.6	3
2020-10-10 22:15:00	10.63	8.75	12.14	.5	3
2020-10-10 22:25:00	10.44	8.94	12.12	.56	3
2020-10-10 22:35:00	10.2	8.16	12.1	.66	3
2020-10-10 22:45:00	10.07	6.41	12.57	.8	3
2020-10-10 22:55:00	10.35	8.75	12.03	.59	3
2020-10-10 23:05:00	10.29	8.51	12.15	.63	3
2020-10-10 23:15:00	9.32	6.68	11.97	.95	3
2020-10-10 23:25:00	9.34	2.46	11.37	1.72	3
2020-10-10 23:35:00	8.89	3.9	11.42	1.59	3
2020-10-10 23:45:00	9.05	3.72	12.29	1.55	3
2020-10-10 23:55:00	7.39	2.13	12.19	2.44	3
2020-10-11 00:05:00	8.86	3.22	12.53	2.11	3
2020-10-11 00:15:00	9	3.02	12.31	1.9	3
2020-10-11 00:25:00	9.65	4.37	12.02	1.56	3
2020-10-11 00:35:00	8	2.38	12.18	2.16	3
2020-10-11 00:45:00	9.94	4.63	12.2	1.24	3
2020-10-11 00:55:00	9.66	3.7	11.92	1.95	3
2020-10-11 01:05:00	9.46	4.59	12.52	1.7	3
2020-10-11 01:15:00	9.26	4.65	11.81	1.42	3
2020-10-11 01:25:00	9.28	3.39	11.77	1.73	3
2020-10-11 01:35:00	8.34	2.46	11.52	2.15	3
2020-10-11 01:45:00	9.05	2.12	12.37	2.06	3
2020-10-11 01:55:00	8.54	2.85	11.52	2.25	3
2020-10-11 02:05:00	9	3.62	11.86	1.88	3
2020-10-11 02:15:00	7.3	2.32	12.27	2.79	3
2020-10-11 02:25:00	10.46	3.3	13.82	1.96	3
2020-10-11 02:35:00	8.34	2.86	11.94	2.24	3
2020-10-11 02:45:00	7.68	1.87	11.72	2.72	3
2020-10-11 02:55:00	9.27	3.87	12.52	1.68	3
2020-10-11 03:05:00	8.82	2.25	12.19	2.28	3
2020-10-11 03:15:00	6.67	2.09	10.69	2.34	3
2020-10-11 03:25:00	4.92	1.3	9.76	1.98	3
2020-10-11 03:35:00	4.98	2.29	9.31	1.4	3
2020-10-11 03:45:00	5.66	1.75	11.68	2.11	7
2020-10-11 03:55:00	4.82	1.48	10.72	2.09	7
2020-10-11 04:05:00	4.32	1.39	10.53	1.72	7
2020-10-11 04:15:00	6.99	1.66	11.54	2.07	3
2020-10-11 04:25:00	9.66	7.27	11.75	.77	3
2020-10-11 04:35:00	7.91	3.87	11.73	1.55	3
2020-10-11 04:45:00	6.37	1.53	9.4	1.38	3
2020-10-11 04:55:00	5.49	1.25	10.38	1.98	3
2020-10-11 05:05:00	5.6	1.38	10.42	2.03	3
2020-10-11 05:15:00	5.85	1.57	10.95	1.98	3
2020-10-11 05:25:00	6.36	2.41	10.61	1.86	3
2020-10-11 05:35:00	5.7	1.81	9.56	1.61	3
2020-10-11 05:45:00	5.63	2.01	10.32	1.64	3
2020-10-11 05:55:00	5.47	1.48	10.14	1.81	3
2020-10-11 06:05:00	5.65	1.14	9.41	1.88	3
2020-10-11 06:15:00	5.44	1.81	9.81	1.7	3
2020-10-11 06:25:00	5.05	1.83	9.33	1.53	3
2020-10-11 06:35:00	5.67	1.94	10.79	1.79	3
2020-10-11 06:45:00	5.69	1.35	9.59	1.81	3
2020-10-11 06:55:00	5.98	2.54	10.7	1.65	3
2020-10-11 07:05:00	5.69	1.78	9.99	1.44	3
2020-10-11 07:15:00	5.67	1.57	9.65	1.64	3
2020-10-11 07:25:00	5	1.68	8.44	1.48	3
2020-10-11 07:35:00	5.25	1.1	9.01	1.68	3
2020-10-11 07:45:00	4.08	.91	7.94	1.43	3
2020-10-11 07:55:00	5.09	1.55	9.11	1.54	3
2020-10-11 08:05:00	4.26	1.23	7.94	1.42	3
2020-10-11 08:15:00	5.39	1.82	9.98	1.53	3
2020-10-11 08:25:00	5.07	2.16	9.08	1.36	3
2020-10-11 08:35:00	5.46	1.58	8.85	1.61	3
2020-10-11 08:45:00	5.14	1.33	8.38	1.44	3
2020-10-11 08:55:00	4.26	1.51	7.92	1.34	3
2020-10-11 09:05:00	4.5	1.61	8.63	1.68	3
2020-10-11 09:15:00	5.38	1.33	9.56	1.92	3
2020-10-11 09:25:00	5.87	2.55	9.19	1.46	3
2020-10-11 09:35:00	4.62	1.66	9.29	1.67	3
2020-10-11 09:45:00	4.99	1.81	8.55	1.57	3
2020-10-11 09:55:00	3.93	1.84	7.33	1.08	3
2020-10-11 10:05:00	3.73	.9	7.85	1.35	3
2020-10-11 10:15:00	4.11	1.32	7.81	1.63	3
2020-10-11 10:25:00	3.93	1.6	7.88	1.36	3
2020-10-11 10:35:00	3.54	1.16	7.86	1.4	7
2020-10-11 10:45:00	4.12	1.02	8.52	1.47	3
2020-10-11 10:55:00	3.56	1.15	8	1.32	7
2020-10-11 11:05:00	4.1	.77	8.1	1.68	3
2020-10-11 11:15:00	4.44	1.76	8.86	1.37	3
2020-10-11 11:25:00	4.36	1.41	7.27	1.34	3
2020-10-11 11:35:00	3.85	1.51	7.62	1.23	3
2020-10-11 11:45:00	4.02	1.19	7.25	1.26	3
2020-10-11 11:55:00	5.28	1.55	7.48	1.45	3
2020-10-11 12:05:00	5.48	2.77	7.63	1.01	3
2020-10-11 12:15:00	5.8	2.38	8.73	1.36	3
2020-10-11 12:25:00	4.34	1.67	7.56	1.18	3
2020-10-11 12:35:00	4.8	2.15	7.61	1.26	3
2020-10-11 12:45:00	4.37	1.42	7.66	1.43	3
2020-10-11 12:55:00	5.34	2.04	8.6	1.38	3
2020-10-11 13:05:00	5.07	1.85	7.81	1.39	3
2020-10-11 13:15:00	5.11	2.11	8.15	1.36	3
2020-10-11 13:25:00	6.07	3.88	7.85	.75	3
2020-10-11 13:35:00	5.52	2.02	7.46	1.09	3
2020-10-11 13:45:00	4.7	1.81	7.45	1.43	3
2020-10-11 13:55:00	5.02	2.19	7.91	1.35	3
2020-10-11 14:05:00	4.48	.89	8.14	1.46	3
2020-10-11 14:15:00	4.97	1.52	8.21	1.5	3
2020-10-11 14:25:00	4.97	1.66	7.92	1.2	3
2020-10-11 14:35:00	5.36	2.1	7.5	1.08	3
2020-10-11 14:45:00	5.13	2.97	7.18	.87	3
2020-10-11 14:55:00	5.75	3.8	7.61	.76	3
2020-10-11 15:05:00	4.94	2.05	7.82	1.25	3
2020-10-11 15:15:00	5.12	2.18	7.32	.85	3
2020-10-11 15:25:00	5.37	2.71	6.76	.81	3
2020-10-11 15:35:00	5.22	2.53	7.68	.89	3
2020-10-11 15:45:00	4.28	1.68	8.99	1.47	7
2020-10-11 15:55:00	4.36	1.7	9.4	1.41	7
2020-10-11 16:05:00	6.56	1.06	9.9	1.96	3
2020-10-11 16:15:00	5.44	3.58	8.69	.84	3
2020-10-11 16:25:00	4.12	2.18	7.7	1.04	3
2020-10-11 16:35:00	4.82	1.93	8.32	1.54	3
2020-10-11 16:45:00	4.88	1.61	9.21	1.38	3
2020-10-11 16:55:00	4.76	.89	7.95	1.49	3
2020-10-11 17:05:00	5.58	1.39	8.82	1.62	3
2020-10-11 17:15:00	4.91	1.77	8.37	1.59	3
2020-10-11 17:25:00	6.14	1.83	8.82	1.34	3
2020-10-11 17:35:00	6.89	2.92	10.14	1.46	3
2020-10-11 17:45:00	5.66	2.36	10.03	1.88	3
2020-10-11 17:55:00	5.48	2.65	8.78	1.32	3
2020-10-11 18:05:00	6.35	1.58	9.87	1.68	3
2020-10-11 18:15:00	6.23	2.15	9.07	1.22	3
2020-10-11 18:25:00	6.83	3.35	9.86	1.23	3
2020-10-11 18:35:00	7.13	1.77	11.04	1.59	3
2020-10-11 18:45:00	6.68	2.97	9.16	1.31	3
2020-10-11 18:55:00	5.94	2.64	8.56	1.03	3
2020-10-11 19:05:00	5.58	1.84	8.51	1.45	3
2020-10-11 19:15:00	5.88	2.4	8.59	1.33	3
2020-10-11 19:25:00	5.02	1.27	7.59	1.31	3
2020-10-11 19:35:00	5.68	1.98	8.8	1.47	3
2020-10-11 19:45:00	5.58	2.2	8.76	1.56	3
2020-10-11 19:55:00	5.64	1.51	9.19	1.66	3
2020-10-11 20:05:00	5.66	2.22	7.98	1.17	3
2020-10-11 20:15:00	4.78	1.94	8.15	1.4	3
2020-10-11 20:25:00	5.55	2.25	8.46	1.33	3
2020-10-11 20:35:00	5.57	2.43	8.5	1.13	3
2020-10-11 20:45:00	5.45	2.89	7.38	.81	3
2020-10-11 20:55:00	4.95	1.95	7.46	1.27	3
2020-10-11 21:05:00	5.44	2.78	7.37	.81	3
2020-10-11 21:15:00	4.35	1.89	7.17	1.23	3
2020-10-11 21:25:00	3.79	1.15	5.58	1.05	3
2020-10-11 21:35:00	3.68	1.27	5.27	.8	3
2020-10-11 21:45:00	2.75	1.2	5.45	.98	3
2020-10-11 21:55:00	2.33	.97	3.94	.68	3
2020-10-11 22:05:00	2.61	1.19	4.01	.59	3
2020-10-11 22:15:00	2.14	.77	3.42	.52	3
2020-10-11 22:25:00	2.71	1.61	4.07	.41	3
2020-10-11 22:35:00	2.7	1.84	3.62	.42	3
2020-10-11 22:45:00	2.86	1.66	3.98	.53	3
2020-10-11 22:55:00	3.19	2	4.64	.49	3
2020-10-11 23:05:00	2.86	2.3	3.86	.3	3
2020-10-11 23:15:00	2.94	1.78	3.94	.42	3
2020-10-11 23:25:00	2.61	1.71	3.6	.43	3
2020-10-11 23:35:00	2.54	1.77	3.52	.38	3
2020-10-11 23:45:00	2.75	1.31	3.66	.44	3
2020-10-11 23:55:00	2.7	1.73	3.49	.31	3
