# Station: FINO2
# Parameter: windspeed_cup_42m_180deg
# Unit: m/s
# Titles:
Time	Value	Minimum	Maximum	Deviation	Quality
# Data:
2020-10-03 00:05:00	12.13	9.63	14.69	1.02	3
2020-10-03 00:15:00	12.25	8.62	14.81	1.1	3
2020-10-03 00:25:00	12.2	9.28	15.23	1.08	3
2020-10-03 00:35:00	12.85	10.4	14.97	.86	3
2020-10-03 00:45:00	12.57	8.83	15.26	1.31	3
2020-10-03 00:55:00	12.7	9.91	14.65	.82	3
2020-10-03 01:05:00	12.61	10.3	15.8	1.09	3
2020-10-03 01:15:00	13.43	10.58	16.1	.99	3
2020-10-03 01:25:00	13.24	9.78	15.72	1.14	3
2020-10-03 01:35:00	13.47	10.67	16.76	1.06	3
2020-10-03 01:45:00	13.01	10.18	15.94	1.08	3
2020-10-03 01:55:00	13.19	10.59	16.06	1.06	3
2020-10-03 02:05:00	13.26	10.41	16.06	1.03	3
2020-10-03 02:15:00	13.27	11.04	16.22	1.22	3
2020-10-03 02:25:00	12.4	9.32	15.92	1.1	3
2020-10-03 02:35:00	13.42	10.86	16.4	.97	3
2020-10-03 02:45:00	13.4	11.04	15.73	.84	3
2020-10-03 02:55:00	12.49	9.34	14.35	.89	3
2020-10-03 03:05:00	13.56	10.07	15.91	1.06	3
2020-10-03 03:15:00	13.54	10.72	16.59	1.05	3
2020-10-03 03:25:00	14.19	10.54	17.11	1.16	3
2020-10-03 03:35:00	13.92	10.71	16.99	1.23	3
2020-10-03 03:45:00	14.89	11.71	18.52	1.32	3
2020-10-03 03:55:00	14.02	10.83	16.32	.95	3
2020-10-03 04:05:00	13.66	9.36	16.91	1.34	3
2020-10-03 04:15:00	14.82	10.58	17.55	1.3	3
2020-10-03 04:25:00	14.73	10.23	17.46	1.24	3
2020-10-03 04:35:00	14	8.33	18.26	1.77	3
2020-10-03 04:45:00	14.54	10.19	18.36	1.39	3
2020-10-03 04:55:00	15.29	11.31	18.27	1.39	3
2020-10-03 05:05:00	15.29	11.79	18.59	1.19	3
2020-10-03 05:15:00	15.71	12.86	18.8	1.15	3
2020-10-03 05:25:00	15.61	12.94	18.08	1.06	3
2020-10-03 05:35:00	14.5	10.73	17.76	1.41	3
2020-10-03 05:45:00	15.2	10.97	17.89	1.31	3
2020-10-03 05:55:00	13.2	8.76	17.57	1.78	3
2020-10-03 06:05:00	14.29	10.12	17.5	1.52	3
2020-10-03 06:15:00	13.3	8.1	17.53	1.83	3
2020-10-03 06:25:00	13.06	8.14	18.56	1.67	3
2020-10-03 06:35:00	14.01	9.45	18.17	1.6	3
2020-10-03 06:45:00	13.84	9.07	18.47	1.76	3
2020-10-03 06:55:00	14.98	9.33	19.56	1.83	3
2020-10-03 07:05:00	16.03	10.74	19.71	1.62	3
2020-10-03 07:15:00	16.49	12.49	19.47	1.46	3
2020-10-03 07:25:00	16.47	11.8	19.83	1.61	3
2020-10-03 07:35:00	15.49	11.26	20.31	1.73	3
2020-10-03 07:45:00	15.59	10.43	19.37	1.59	3
2020-10-03 07:55:00	15.81	11.12	19.96	1.27	3
2020-10-03 08:05:00	15.28	10.73	18.72	1.65	3
2020-10-03 08:15:00	15.84	12.62	19.07	1.36	3
2020-10-03 08:25:00	15.97	10.05	19.27	1.5	3
2020-10-03 08:35:00	16.01	10.71	18.82	1.38	3
2020-10-03 08:45:00	16.26	11.52	21.5	1.76	3
2020-10-03 08:55:00	15.61	9.7	19.78	1.84	3
2020-10-03 09:05:00	17.36	12.45	21.1	1.76	3
2020-10-03 09:15:00	16.3	11	19.73	1.72	3
2020-10-03 09:25:00	15.94	11.99	18.59	1.23	3
2020-10-03 09:35:00	16.23	11.68	19.18	1.32	3
2020-10-03 09:45:00	15.34	12.08	18.96	1.43	3
2020-10-03 09:55:00	15.01	9.37	19.8	2.1	3
2020-10-03 10:05:00	15.6	11.28	18.69	1.38	3
2020-10-03 10:15:00	15.56	11.72	19.39	1.38	3
2020-10-03 10:25:00	14.9	10.09	18.66	1.64	3
2020-10-03 10:35:00	14.76	9	19.26	1.84	3
2020-10-03 10:45:00	14.94	10.7	19.13	1.62	3
2020-10-03 10:55:00	14.73	8.97	19.17	1.56	3
2020-10-03 11:05:00	13.57	9	18.85	1.6	3
2020-10-03 11:15:00	14.01	9.28	18.86	1.72	3
2020-10-03 11:25:00	13.9	9.69	19.88	1.73	3
2020-10-03 11:35:00	13.27	8.34	17.2	1.71	3
2020-10-03 11:45:00	13.02	8.71	16.63	1.52	3
2020-10-03 11:55:00	13.39	8.74	17.59	1.63	3
2020-10-03 12:05:00	13.22	9	17.35	1.53	3
2020-10-03 12:15:00	14.04	9.38	17.68	1.66	3
2020-10-03 12:25:00	13.63	9.45	17.89	1.54	3
2020-10-03 12:35:00	13.47	9.22	20.19	1.62	3
2020-10-03 12:45:00	13.75	9.16	17.8	1.8	3
2020-10-03 12:55:00	14.13	9.57	18.97	1.55	3
2020-10-03 13:05:00	14.35	10.13	17.85	1.57	3
2020-10-03 13:15:00	15.52	11.43	19.59	1.48	3
2020-10-03 13:25:00	15.28	10.55	20.68	2.2	3
2020-10-03 13:35:00	14.3	10.29	18.41	1.42	3
2020-10-03 13:45:00	14.72	10.99	18.9	1.45	3
2020-10-03 13:55:00	14.75	10.63	19.46	1.59	3
2020-10-03 14:05:00	14.93	9.56	20.99	2.26	3
2020-10-03 14:15:00	14.64	8.96	18.69	1.67	3
2020-10-03 14:25:00	14.36	10.73	19.42	1.52	3
2020-10-03 14:35:00	14.15	10.36	18.26	1.55	3
2020-10-03 14:45:00	14.54	10.68	19.9	1.75	3
2020-10-03 14:55:00	14.51	8.15	19.23	1.91	3
2020-10-03 15:05:00	13.51	9.32	18.42	1.52	3
2020-10-03 15:15:00	13.74	8.66	18.17	1.79	3
2020-10-03 15:25:00	12.29	7.95	16.35	1.68	3
2020-10-03 15:35:00	12.28	7.41	16.34	1.59	3
2020-10-03 15:45:00	12.27	8.32	15.97	1.51	3
2020-10-03 15:55:00	11.98	7.07	16.28	1.81	3
2020-10-03 16:05:00	11.73	6.74	15.6	1.75	3
2020-10-03 16:15:00	12.96	8.07	17.03	1.68	3
2020-10-03 16:25:00	12.84	7.28	18.38	1.84	3
2020-10-03 16:35:00	12.42	7.99	17.07	1.75	3
2020-10-03 16:45:00	12.97	8.4	17.48	1.73	3
2020-10-03 16:55:00	12.07	7.66	17.54	1.67	3
2020-10-03 17:05:00	11.64	6.4	15.56	1.72	3
2020-10-03 17:15:00	11.5	5.68	16.2	1.96	3
2020-10-03 17:25:00	11.05	6.43	15.46	1.79	3
2020-10-03 17:35:00	11.64	7.83	16.36	1.62	3
2020-10-03 17:45:00	12.21	7.17	17.86	1.8	3
2020-10-03 17:55:00	11.75	7.77	16.52	1.56	3
2020-10-03 18:05:00	10.95	5.89	16.33	1.78	3
2020-10-03 18:15:00	13.19	7.7	17.45	1.68	3
2020-10-03 18:25:00	12.16	6.75	17.1	1.65	3
2020-10-03 18:35:00	13.04	8.24	18.04	1.76	3
2020-10-03 18:45:00	12.45	7.91	18.3	1.92	3
2020-10-03 18:55:00	13.1	8.81	16.32	1.13	3
2020-10-03 19:05:00	12.38	9.97	14.89	.93	3
2020-10-03 19:15:00	12.7	9.98	14.51	.76	3
2020-10-03 19:25:00	12.84	10.23	15.78	.91	3
2020-10-03 19:35:00	12.04	7.91	15.18	1.24	3
2020-10-03 19:45:00	11.89	8.04	14.98	1.23	3
2020-10-03 19:55:00	12.13	8.75	15.48	1.07	3
2020-10-03 20:05:00	11.62	7.11	15.53	1.59	3
2020-10-03 20:15:00	12.37	6.7	16.19	1.86	3
2020-10-03 20:25:00	11.88	7.38	15.42	1.36	3
2020-10-03 20:35:00	11.13	5.94	15.76	1.66	3
2020-10-03 20:45:00	11.43	5.76	16	1.72	3
2020-10-03 20:55:00	12.54	9.19	15.37	.87	3
2020-10-03 21:05:00	12.93	10.04	14.78	.75	3
2020-10-03 21:15:00	12.91	10.93	15.48	.76	3
2020-10-03 21:25:00	12.4	9.58	15.26	.91	3
2020-10-03 21:35:00	12.36	10.35	14.9	.77	3
2020-10-03 21:45:00	12.53	10.17	15.22	.93	3
2020-10-03 21:55:00	12.54	10.41	15.35	.81	3
2020-10-03 22:05:00	12.32	10.03	14.9	.85	3
2020-10-03 22:15:00	12.32	9.92	14.27	.68	3
2020-10-03 22:25:00	11.25	8.89	13.5	.77	3
2020-10-03 22:35:00	9.93	7.78	12.81	.84	3
2020-10-03 22:45:00	10.38	8.17	14.11	.98	3
2020-10-03 22:55:00	10.23	8.01	12.47	.88	3
2020-10-03 23:05:00	10.06	8.43	13.2	.88	3
2020-10-03 23:15:00	10.89	7.96	13.48	.94	3
2020-10-03 23:25:00	9.87	6.78	12.74	1.11	3
2020-10-03 23:35:00	8.78	6.01	11.46	.99	3
2020-10-03 23:45:00	8.14	5.69	10.37	.82	3
2020-10-03 23:55:00	9.07	6.27	11.42	.93	3
2020-10-04 00:05:00	9.64	7.14	12.24	.78	3
2020-10-04 00:15:00	8.63	6.86	10.59	.59	3
2020-10-04 00:25:00	8.2	5.69	10.7	.95	3
2020-10-04 00:35:00	7.98	4.75	10.1	.92	3
2020-10-04 00:45:00	7.93	5.81	9.62	.67	3
2020-10-04 00:55:00	6.43	3.96	8.91	.93	3
2020-10-04 01:05:00	5.53	3.14	7.82	.8	3
2020-10-04 01:15:00	6.06	4.62	8.03	.64	3
2020-10-04 01:25:00	5.82	3.75	7.37	.77	3
2020-10-04 01:35:00	5.3	4.04	7.32	.63	3
2020-10-04 01:45:00	5.42	3.53	7.46	.66	3
2020-10-04 01:55:00	5	3.74	6.76	.56	3
2020-10-04 02:05:00	5.39	3.23	6.86	.62	3
2020-10-04 02:15:00	5.2	4.16	6.24	.39	3
2020-10-04 02:25:00	4.94	3.64	6.91	.57	3
2020-10-04 02:35:00	4.85	2.98	6.56	.72	3
2020-10-04 02:45:00	3.22	1.96	4.59	.51	3
2020-10-04 02:55:00	3.42	2.19	4.48	.41	3
2020-10-04 03:05:00	3.73	3	4.41	.26	3
2020-10-04 03:15:00	3.41	2.77	4.1	.27	3
2020-10-04 03:25:00	3.78	3.13	4.72	.33	3
2020-10-04 03:35:00	3.55	1.59	4.68	.55	3
2020-10-04 03:45:00	4.06	2.24	5.59	.7	3
2020-10-04 03:55:00	2.85	1.09	4.32	.68	3
2020-10-04 04:05:00	2.37	.74	4.93	.76	3
2020-10-04 04:15:00	1.62	.57	2.88	.41	3
2020-10-04 04:25:00	2.67	1.31	3.8	.58	3
2020-10-04 04:35:00	2.33	1.51	3.32	.47	3
2020-10-04 04:45:00	1.35	.25	3.03	.67	3
2020-10-04 04:55:00	6.14	2.9	9.49	1.99	3
2020-10-04 05:05:00	5.33	1.68	11.22	2.17	7
2020-10-04 05:15:00	5.14	.81	10.44	1.67	7
2020-10-04 05:25:00	4.71	1.31	9.29	1.78	3
2020-10-04 05:35:00	3.62	1.42	7.43	1.15	3
2020-10-04 05:45:00	3.7	.57	8.68	2.08	7
2020-10-04 05:55:00	2.87	.93	5.94	1.1	3
2020-10-04 06:05:00	3.05	1.47	5.93	.85	3
2020-10-04 06:15:00	2.78	.67	6.18	.93	3
2020-10-04 06:25:00	6.41	2.51	7.86	.76	3
2020-10-04 06:35:00	5.24	3.56	6.72	.79	3
2020-10-04 06:45:00	4.12	2.05	5.92	.77	3
2020-10-04 06:55:00	4.75	1.62	7.57	1.3	3
2020-10-04 07:05:00	5.86	1.56	7.53	1.4	3
2020-10-04 07:15:00	2.67	.84	5.88	1.25	3
2020-10-04 07:25:00	3.99	1.91	7.2	.99	3
2020-10-04 07:35:00	5.48	1.43	10.22	2.41	3
2020-10-04 07:45:00	7.06	1.26	10.44	2.16	3
2020-10-04 07:55:00	5.74	1.09	9.3	1.73	3
2020-10-04 08:05:00	7.32	3.41	9.48	1.14	3
2020-10-04 08:15:00	6.31	4.61	7.9	.72	3
2020-10-04 08:25:00	2.51	.82	5.14	.98	3
2020-10-04 08:35:00	2.99	.73	6.93	1.11	3
2020-10-04 08:45:00	4.03	1.05	7.6	1.61	3
2020-10-04 08:55:00	2.53	.36	6.26	1.15	3
2020-10-04 09:05:00	2.12	.64	5.78	.87	7
2020-10-04 09:15:00	2.41	1.22	4.38	.71	3
2020-10-04 09:25:00	3.19	1.14	6.84	1.28	3
2020-10-04 09:35:00	2.58	1.25	5.4	.83	3
2020-10-04 09:45:00	2.65	1.06	5.81	.96	3
2020-10-04 09:55:00	3.65	1.08	6.45	1.33	3
2020-10-04 10:05:00	3.84	1.96	5.63	.79	3
2020-10-04 10:15:00	4.28	1.93	6.42	.87	3
2020-10-04 10:25:00	3.47	.93	5.65	1	3
2020-10-04 10:35:00	2.92	.8	4.7	.81	3
2020-10-04 10:45:00	2.97	1.04	4.97	.96	3
2020-10-04 10:55:00	3.44	.6	5.47	1.21	3
2020-10-04 11:05:00	3.3	.77	5.73	1.23	3
2020-10-04 11:15:00	1.95	.68	3.99	.85	3
2020-10-04 11:25:00	2.88	.6	4.31	.97	3
2020-10-04 11:35:00	2.55	.49	4.05	.69	3
2020-10-04 11:45:00	2.81	2.17	3.66	.26	3
2020-10-04 11:55:00	3.31	2.88	4.02	.2	3
2020-10-04 12:05:00	3.41	2.65	4.3	.26	3
2020-10-04 12:15:00	2.87	2.11	3.67	.35	3
2020-10-04 12:25:00	2.82	1.9	3.56	.27	3
2020-10-04 12:35:00	3.16	2.34	4.05	.33	3
2020-10-04 12:45:00	3.29	2.74	3.87	.22	3
2020-10-04 12:55:00	3.19	2.52	3.82	.26	3
2020-10-04 13:05:00	3.78	3.08	4.35	.22	3
2020-10-04 13:15:00	3.65	3.07	4.39	.24	3
2020-10-04 13:25:00	4.11	3.26	4.83	.26	3
2020-10-04 13:35:00	4.19	2.84	5.09	.41	3
2020-10-04 13:45:00	3.95	2.85	5.09	.44	3
2020-10-04 13:55:00	3.83	2.62	4.96	.48	3
2020-10-04 14:05:00	3.85	2.64	5.06	.38	3
2020-10-04 14:15:00	3.85	2.68	4.65	.36	3
2020-10-04 14:25:00	3.72	2.84	4.83	.3	3
2020-10-04 14:35:00	3.33	2.47	4.39	.3	3
2020-10-04 14:45:00	3.25	2.43	3.93	.32	3
2020-10-04 14:55:00	3.25	2.6	3.72	.22	3
2020-10-04 15:05:00	3.54	2.64	4.36	.28	3
2020-10-04 15:15:00	3.44	2.67	4.11	.26	3
2020-10-04 15:25:00	3.32	2.66	4.3	.32	3
2020-10-04 15:35:00	3.22	2.47	3.7	.22	3
2020-10-04 15:45:00	3.1	2.55	3.79	.22	3
2020-10-04 15:55:00	3.38	2.83	3.98	.22	3
2020-10-04 16:05:00	3.44	2.9	4.18	.25	3
2020-10-04 16:15:00	3.27	2.51	4.06	.23	3
2020-10-04 16:25:00	3.29	2.62	4	.26	3
2020-10-04 16:35:00	3.55	2.91	4.2	.22	3
2020-10-04 16:45:00	3.68	3.16	4.24	.22	3
2020-10-04 16:55:00	3.77	3.16	4.48	.24	3
2020-10-04 17:05:00	3.7	3.03	4.23	.22	3
2020-10-04 17:15:00	3.95	3.34	4.42	.21	3
2020-10-04 17:25:00	4.24	3.67	4.77	.22	3
2020-10-04 17:35:00	4.36	3.71	4.92	.23	3
2020-10-04 17:45:00	4.14	3.53	4.95	.23	3
2020-10-04 17:55:00	3.3	2.2	5.21	.55	3
2020-10-04 18:05:00	3.1	2.07	4.62	.46	3
2020-10-04 18:15:00	3.99	2.59	5.53	.61	3
2020-10-04 18:25:00	4.94	3.41	6.65	.65	3
2020-10-04 18:35:00	5.61	4.32	8.15	.57	3
2020-10-04 18:45:00	5.69	3.09	8.1	.59	3
2020-10-04 18:55:00	6.52	4.72	8.31	.58	3
2020-10-04 19:05:00	6.28	2.3	9.43	1.29	3
2020-10-04 19:15:00	5.97	2.11	8.86	1.14	3
2020-10-04 19:25:00	5.59	2.29	8.43	1.13	3
2020-10-04 19:35:00	6.37	1.9	10.73	1.85	3
2020-10-04 19:45:00	6.33	2.21	10.56	1.56	3
2020-10-04 19:55:00	6.94	2.67	11.04	1.64	3
2020-10-04 20:05:00	6.32	2.42	9.18	1.54	3
2020-10-04 20:15:00	5.82	2.01	10.09	1.63	3
2020-10-04 20:25:00	5.99	1.89	8.96	1.4	3
2020-10-04 20:35:00	5.83	3.28	8.18	.97	3
2020-10-04 20:45:00	5.64	2.84	7.72	.8	3
2020-10-04 20:55:00	5.72	2.9	7.36	.73	3
2020-10-04 21:05:00	6.31	3.72	8.04	.77	3
2020-10-04 21:15:00	5.76	2	8.44	.93	3
2020-10-04 21:25:00	6.4	3.28	8.98	.92	3
2020-10-04 21:35:00	6.25	4.14	8	.67	3
2020-10-04 21:45:00	7.36	3.75	10.24	1.12	3
2020-10-04 21:55:00	6.28	2.54	9.69	1.37	3
2020-10-04 22:05:00	6.39	2.24	9.2	1.25	3
2020-10-04 22:15:00	5.92	2.52	9.38	1.31	3
2020-10-04 22:25:00	4.39	1.17	7.81	1.41	3
2020-10-04 22:35:00	4.32	1.11	7.28	1.39	3
2020-10-04 22:45:00	4.58	2.17	6.58	.81	3
2020-10-04 22:55:00	4.76	1.37	7.66	1.13	3
2020-10-04 23:05:00	4.11	1.35	7.94	1.44	3
2020-10-04 23:15:00	4.88	2.07	6.71	1	3
2020-10-04 23:25:00	5.42	3.48	6.85	.63	3
2020-10-04 23:35:00	5.65	4.05	7.54	.76	3
2020-10-04 23:45:00	6	3.12	7.85	.64	3
2020-10-04 23:55:00	5.68	3.17	8.31	.97	3
2020-10-05 00:05:00	4.76	2.22	7.71	.94	3
2020-10-05 00:15:00	4.72	3.68	6.24	.45	3
2020-10-05 00:25:00	3.93	2.09	6.1	.84	3
2020-10-05 00:35:00	4.02	2.36	5.51	.67	3
2020-10-05 00:45:00	4.8	3.05	7	.77	3
2020-10-05 00:55:00	5.32	3.35	7.4	.85	3
2020-10-05 01:05:00	4.77	3.19	6.6	.58	3
2020-10-05 01:15:00	5.04	3.39	7.31	.81	3
2020-10-05 01:25:00	4.78	3.22	6.64	.64	3
2020-10-05 01:35:00	5.03	3.07	7.5	.78	3
2020-10-05 01:45:00	4.6	3.01	6.94	.74	3
2020-10-05 01:55:00	4.37	2.87	6.72	.69	3
2020-10-05 02:05:00	4.33	2.92	5.52	.51	3
2020-10-05 02:15:00	4.65	2.89	6.19	.67	3
2020-10-05 02:25:00	5.02	2.77	6.87	.86	3
2020-10-05 02:35:00	5.42	3.76	7.28	.72	3
2020-10-05 02:45:00	5.15	3.57	6.85	.64	3
2020-10-05 02:55:00	4.92	3.1	6.11	.57	3
2020-10-05 03:05:00	5.21	3.87	7	.61	3
2020-10-05 03:15:00	5.74	4.4	6.88	.46	3
2020-10-05 03:25:00	4.79	3.6	6.23	.6	3
2020-10-05 03:35:00	4.8	3.75	5.94	.38	3
2020-10-05 03:45:00	5.31	4.12	7.8	.72	3
2020-10-05 03:55:00	6	4.06	7.82	.74	3
2020-10-05 04:05:00	5.97	4.27	8.15	.64	3
2020-10-05 04:15:00	6.03	4.65	7.75	.63	3
2020-10-05 04:25:00	6.22	4.7	7.94	.61	3
2020-10-05 04:35:00	6.47	4.68	8.14	.66	3
2020-10-05 04:45:00	7.08	4.85	9.41	.84	3
2020-10-05 04:55:00	6.86	3.97	8.75	.82	3
2020-10-05 05:05:00	6.66	4.53	8.91	.81	3
2020-10-05 05:15:00	6.61	3.98	9.3	.78	3
2020-10-05 05:25:00	6.82	4.09	9.29	.83	3
2020-10-05 05:35:00	6.56	4.28	9.84	.98	3
2020-10-05 05:45:00	6.39	3.97	9.49	.92	3
2020-10-05 05:55:00	6.54	4.27	10.21	.83	3
2020-10-05 06:05:00	6.86	4.41	9	1.01	3
2020-10-05 06:15:00	6.39	4.23	9.24	.92	3
2020-10-05 06:25:00	7.28	4.12	10.57	1.05	3
2020-10-05 06:35:00	7.28	4.21	9.99	1.11	3
2020-10-05 06:45:00	6.72	4.81	9.64	.9	3
2020-10-05 06:55:00	7.56	4.69	9.91	1.04	3
2020-10-05 07:05:00	7.64	4.62	10.53	1.19	3
2020-10-05 07:15:00	6.55	4.41	9.03	.91	3
2020-10-05 07:25:00	6.69	4.57	9.09	.85	3
2020-10-05 07:35:00	5.9	3.61	8.16	.82	3
2020-10-05 07:45:00	5.97	3.92	8.28	.72	3
2020-10-05 07:55:00	5.68	3.97	7.53	.78	3
2020-10-05 08:05:00	5.71	3.74	8.28	.79	3
2020-10-05 08:15:00	6.05	3.29	8.33	.91	3
2020-10-05 08:25:00	6.21	3.6	8.72	1.01	3
2020-10-05 08:35:00	6.4	4.52	8.46	.78	3
2020-10-05 08:45:00	5.81	3.46	8.49	.89	3
2020-10-05 08:55:00	6.33	4.06	8.37	.81	3
2020-10-05 09:05:00	7.31	5.1	9.52	.87	3
2020-10-05 09:15:00	7.16	5.24	9.17	.71	3
2020-10-05 09:25:00	7.02	5.85	8.77	.5	3
2020-10-05 09:35:00	6.99	5.4	8.61	.6	3
2020-10-05 09:45:00	6.72	4.88	8.89	.71	3
2020-10-05 09:55:00	6.69	5.33	8.62	.65	3
2020-10-05 10:05:00	6.99	5.08	8.63	.67	3
2020-10-05 10:15:00	6.92	3.72	9.18	1.04	3
2020-10-05 10:25:00	6.2	3.23	8.42	1.1	3
2020-10-05 10:35:00	6.28	3.28	8.95	1.11	3
2020-10-05 10:45:00	7.55	4.6	9.77	1.01	3
2020-10-05 10:55:00	7.73	4.28	10.51	1.04	3
2020-10-05 11:05:00	6.94	3.62	9.31	1.17	3
2020-10-05 11:15:00	7.47	3.88	10.52	1.18	3
2020-10-05 11:25:00	7.91	3.94	10.67	1.35	3
2020-10-05 11:35:00	7.6	3.77	10.74	1.34	3
2020-10-05 11:45:00	6.65	3.41	9.64	1.21	3
2020-10-05 11:55:00	6.15	3.68	10.04	1.27	3
2020-10-05 12:05:00	6.09	3.21	10.19	1.41	3
2020-10-05 12:15:00	6.73	3.69	10.19	1.24	3
2020-10-05 12:25:00	6.38	2.82	10.32	1.51	3
2020-10-05 12:35:00	6.43	3.54	9.58	1.19	3
2020-10-05 12:45:00	7.35	4.38	11.21	1.23	3
2020-10-05 12:55:00	6.98	3.19	10.8	1.47	3
2020-10-05 13:05:00	8.35	4.78	11.3	1.37	3
2020-10-05 13:15:00	7.98	4.08	10.28	1.07	3
2020-10-05 13:25:00	8.42	4.22	10.95	1	3
2020-10-05 13:35:00	7	2.78	11.15	1.58	3
2020-10-05 13:45:00	6.09	3.39	9.98	1.34	3
2020-10-05 13:55:00	5.84	3.38	9.56	1.24	3
2020-10-05 14:05:00	5.49	2.77	9.38	1.22	3
2020-10-05 14:15:00	5.52	2.46	8.72	1.2	3
2020-10-05 14:25:00	5.44	3.54	8.59	.92	3
2020-10-05 14:35:00	6.84	3.07	10.96	1.78	3
2020-10-05 14:45:00	7.34	3.92	10.95	1.37	3
2020-10-05 14:55:00	7.06	3.32	9.74	1.21	3
2020-10-05 15:05:00	6.56	3.6	8.87	1.01	3
2020-10-05 15:15:00	5.49	2.71	8.49	.98	3
2020-10-05 15:25:00	5.58	2.43	9.18	1.26	3
2020-10-05 15:35:00	4.91	2.24	8.54	.99	3
2020-10-05 15:45:00	5.78	3.41	9.59	1.2	3
2020-10-05 15:55:00	5.84	3.05	9.51	1.3	3
2020-10-05 16:05:00	5.5	3.13	8.75	1.15	3
2020-10-05 16:15:00	7.4	4.21	10.17	1.14	3
2020-10-05 16:25:00	7.07	3.74	9.29	1.06	3
2020-10-05 16:35:00	7.52	5.05	10.1	.82	3
2020-10-05 16:45:00	7.03	3.28	8.87	.92	3
2020-10-05 16:55:00	7	4.26	9.16	.67	3
2020-10-05 17:05:00	5.91	3.66	7.67	.75	3
2020-10-05 17:15:00	6.05	2.79	7.98	1	3
2020-10-05 17:25:00	5.63	3.31	7.25	.62	3
2020-10-05 17:35:00	5.78	3.29	7.18	.66	3
2020-10-05 17:45:00	6.39	4.71	7.82	.52	3
2020-10-05 17:55:00	5.5	3.45	7.43	.51	3
2020-10-05 18:05:00	5.56	4.22	6.94	.46	3
2020-10-05 18:15:00	5.12	3.81	6.38	.43	3
2020-10-05 18:25:00	4.76	3.62	6.06	.51	3
2020-10-05 18:35:00	4.21	3.31	5.26	.33	3
2020-10-05 18:45:00	4.33	3.27	5.33	.44	3
2020-10-05 18:55:00	4.66	3.57	5.73	.46	3
2020-10-05 19:05:00	4.36	3.4	5.48	.44	3
2020-10-05 19:15:00	4.11	3.04	5.32	.37	3
2020-10-05 19:25:00	4.12	3.36	5.01	.29	3
2020-10-05 19:35:00	3.78	2.73	4.83	.37	3
2020-10-05 19:45:00	3.34	2.31	4.22	.4	3
2020-10-05 19:55:00	2.89	1.9	3.98	.38	3
2020-10-05 20:05:00	2.68	1.37	3.97	.45	3
2020-10-05 20:15:00	2.48	1.39	3.57	.48	3
2020-10-05 20:25:00	2.77	1.86	3.75	.37	3
2020-10-05 20:35:00	3.37	2.11	6.05	.82	3
2020-10-05 20:45:00	6.95	2.96	9.01	1.4	3
2020-10-05 20:55:00	7.86	5.01	9.92	.73	3
2020-10-05 21:05:00	7.08	3.45	9.21	.86	3
2020-10-05 21:15:00	8.07	4	9.66	.82	3
2020-10-05 21:25:00	9.47	7.98	11.04	.57	3
2020-10-05 21:35:00	9.19	7.77	10.63	.52	3
2020-10-05 21:45:00	8.57	6.29	10.17	.64	3
2020-10-05 21:55:00	8.2	4.11	10.04	.79	3
2020-10-05 22:05:00	9.02	5.22	11.08	1.18	3
2020-10-05 22:15:00	8.43	3.97	11.44	1.49	3
2020-10-05 22:25:00	8.91	3.18	11.83	1.44	3
2020-10-05 22:35:00	7.42	3.57	11.39	1.84	3
2020-10-05 22:45:00	8.54	3.94	11.71	1.65	3
2020-10-05 22:55:00	8.2	4.32	11.45	1.61	3
2020-10-05 23:05:00	10.19	6.22	11.79	.9	3
2020-10-05 23:15:00	9.96	5.7	11.73	.78	3
2020-10-05 23:25:00	9.4	5.73	11.51	1.01	3
2020-10-05 23:35:00	7.99	2.43	11.25	1.79	3
2020-10-05 23:45:00	8.32	4.46	11.58	1.64	3
2020-10-05 23:55:00	8.08	5.09	11.5	1.33	3
2020-10-06 00:05:00	8.13	4.06	11.55	1.64	3
2020-10-06 00:15:00	7.56	3.6	11.26	1.8	3
2020-10-06 00:25:00	5.78	1.53	10.5	2.11	3
2020-10-06 00:35:00	6.98	2.01	10.91	2.34	3
2020-10-06 00:45:00	9.8	6.13	11.79	.79	3
2020-10-06 00:55:00	9.96	8.24	11.42	.5	3
2020-10-06 01:05:00	8.18	3.52	11.29	1.69	3
2020-10-06 01:15:00	4.07	1.3	9	1.45	7
2020-10-06 01:25:00	4.74	.5	8.98	1.96	3
2020-10-06 01:35:00	3.76	1.22	7.22	1.2	3
2020-10-06 01:45:00	3.44	1.29	7.3	1.25	3
2020-10-06 01:55:00	3.41	1.25	7.21	1	3
2020-10-06 02:05:00	3.63	1.4	6.48	1.08	3
2020-10-06 02:15:00	3.62	1.11	7.3	1.14	3
2020-10-06 02:25:00	3.42	.81	7.65	1.38	7
2020-10-06 02:35:00	3.73	1.19	6.86	1.18	3
2020-10-06 02:45:00	3.5	1.02	7.86	1.26	7
2020-10-06 02:55:00	4.09	1.37	7.27	1.02	3
2020-10-06 03:05:00	3.89	1.35	7.97	1.47	3
2020-10-06 03:15:00	4.2	1.29	9.08	1.65	7
2020-10-06 03:25:00	5.17	1.64	8.4	1.46	3
2020-10-06 03:35:00	5.03	1.63	9.17	1.52	3
2020-10-06 03:45:00	4.34	1.28	7.77	1.48	3
2020-10-06 03:55:00	5.26	2.27	7.87	1.24	3
2020-10-06 04:05:00	4.9	1.6	7.17	1.16	3
2020-10-06 04:15:00	4.9	1.5	7.44	1.01	6
2020-10-06 04:25:00	4.9	2.1	7.76	1.03	6
2020-10-06 04:35:00	4.89	2.45	6.63	.7	3
2020-10-06 04:45:00	5.3	2.38	7.61	.88	3
2020-10-06 04:55:00	5.93	2.74	8.24	1.16	3
2020-10-06 05:05:00	5.36	2.63	8.19	1.12	3
2020-10-06 05:15:00	5.75	2.79	8.89	1.25	3
2020-10-06 05:25:00	6.2	1.6	9.4	1.53	3
2020-10-06 05:35:00	5.7	2.05	8.82	1.49	3
2020-10-06 05:45:00	5.19	2.06	7.56	1.02	3
2020-10-06 05:55:00	5.13	2.71	7.5	.95	3
2020-10-06 06:05:00	5.49	2.06	7.85	1.18	3
2020-10-06 06:15:00	5.79	2.82	9.17	1.27	3
2020-10-06 06:25:00	5.85	2.15	9.61	1.43	3
2020-10-06 06:35:00	7.26	3.03	10.09	1.27	3
2020-10-06 06:45:00	6.41	2.46	9.75	1.11	3
2020-10-06 06:55:00	5.17	1.8	8.5	1.42	3
2020-10-06 07:05:00	5.84	2.05	9.12	1.3	3
2020-10-06 07:15:00	6.15	1.92	8.5	1.09	3
2020-10-06 07:25:00	6.4	3.96	8.15	.66	3
2020-10-06 07:35:00	6.91	4.7	9.57	.98	3
2020-10-06 07:45:00	7	5.31	9.44	.72	3
2020-10-06 07:55:00	6.85	4.56	9.09	.82	3
2020-10-06 08:05:00	7.22	4.97	9.53	.83	3
2020-10-06 08:15:00	7.22	4.82	8.98	.82	3
2020-10-06 08:25:00	7.75	5.26	9.57	.66	3
2020-10-06 08:35:00	7.49	5.35	9.27	.69	3
2020-10-06 08:45:00	7.1	5	9.78	.76	3
2020-10-06 08:55:00	8.04	5.47	9.72	.77	3
2020-10-06 09:05:00	8.25	5.87	11.45	.91	3
2020-10-06 09:15:00	8.48	6.38	10.94	.78	3
2020-10-06 09:25:00	8.21	5.98	10.66	.87	3
2020-10-06 09:35:00	7.99	5.86	10.05	.78	3
2020-10-06 09:45:00	7.73	5.13	10.06	.89	3
2020-10-06 09:55:00	6.81	4.13	10.39	.94	3
2020-10-06 10:05:00	6.08	3.14	8.9	.94	3
2020-10-06 10:15:00	6.68	4.17	10.16	1.17	3
2020-10-06 10:25:00	8.8	5.92	11.15	1.02	3
2020-10-06 10:35:00	9.27	7.1	11.81	.85	3
2020-10-06 10:45:00	9.4	6.34	12.97	.96	3
2020-10-06 10:55:00	8.59	5.23	12.35	1.34	3
2020-10-06 11:05:00	9.41	5.38	12.69	1.16	3
2020-10-06 11:15:00	10.56	7.27	13.11	.98	3
2020-10-06 11:25:00	9.38	6.35	12.26	.99	3
2020-10-06 11:35:00	8.35	5.2	10.61	.99	3
2020-10-06 11:45:00	9.97	6.17	12.4	1.03	3
2020-10-06 11:55:00	9.61	5.65	12.94	.99	3
2020-10-06 12:05:00	9.3	6.56	12.12	1.14	3
2020-10-06 12:15:00	10.7	8.44	13.61	1.09	3
2020-10-06 12:25:00	10.88	8.4	13.1	.87	3
2020-10-06 12:35:00	10.51	7.64	13.72	1.11	3
2020-10-06 12:45:00	11.04	8.51	13.65	.93	3
2020-10-06 12:55:00	9.76	7.62	11.9	.8	3
2020-10-06 13:05:00	10.22	7.19	12.84	.89	3
2020-10-06 13:15:00	9.85	6.84	12.84	.98	3
2020-10-06 13:25:00	10.3	8.36	12.52	.87	3
2020-10-06 13:35:00	10.11	7.08	12.82	1.07	3
2020-10-06 13:45:00	10.02	6.29	12.85	1.27	3
2020-10-06 13:55:00	8.59	3.18	13.58	1.94	3
2020-10-06 14:05:00	8.82	4.21	12.75	1.56	3
2020-10-06 14:15:00	10.14	5.24	13.21	1.55	3
2020-10-06 14:25:00	9.89	5.68	12.36	1.13	3
2020-10-06 14:35:00	10.58	7.71	13.69	1.03	3
2020-10-06 14:45:00	10.44	6.75	13.92	1.26	3
2020-10-06 14:55:00	10.14	6.85	13.16	1.17	3
2020-10-06 15:05:00	9.95	6.55	13.47	1.08	3
2020-10-06 15:15:00	10.15	5.14	13.15	1.19	3
2020-10-06 15:25:00	9.89	7.14	12.59	1.07	3
2020-10-06 15:35:00	8.67	5.7	11.98	1.02	3
2020-10-06 15:45:00	9.25	5.71	12.13	1.17	3
2020-10-06 15:55:00	8.53	4.98	11.19	1.03	3
2020-10-06 16:05:00	7.56	4.16	10.23	1.08	3
2020-10-06 16:15:00	7.18	2.35	9.79	1.22	3
2020-10-06 16:25:00	8.08	4.48	10.5	.82	3
2020-10-06 16:35:00	8.27	5.77	10.43	.96	3
2020-10-06 16:45:00	8.46	6.14	10.95	.97	3
2020-10-06 16:55:00	7.96	4.4	10.57	.94	3
2020-10-06 17:05:00	8.09	5.85	10.44	.77	3
2020-10-06 17:15:00	8.31	4.91	10.7	.99	3
2020-10-06 17:25:00	8.5	4.06	10.83	1.1	3
2020-10-06 17:35:00	8.22	4.98	10.92	1.05	3
2020-10-06 17:45:00	8.23	5.03	11.32	1.31	3
2020-10-06 17:55:00	7.03	4.43	10.3	1.1	3
2020-10-06 18:05:00	7.18	4.32	10.5	1.21	3
2020-10-06 18:15:00	7.46	5.24	10.63	.97	3
2020-10-06 18:25:00	7.49	4.18	9.98	1.12	3
2020-10-06 18:35:00	7.39	3.79	9.94	1.12	3
2020-10-06 18:45:00	6.9	4.08	9.91	1.08	3
2020-10-06 18:55:00	6.64	4.19	9.82	.95	3
2020-10-06 19:05:00	7.51	4.28	10.21	1.12	3
2020-10-06 19:15:00	7.51	4.98	10.29	1.12	3
2020-10-06 19:25:00	7.02	4.27	9.76	1.09	3
2020-10-06 19:35:00	6.69	4.11	9.9	1.15	3
2020-10-06 19:45:00	8	4.47	10.86	1.09	3
2020-10-06 19:55:00	7.02	4.77	9.55	1.08	3
2020-10-06 20:05:00	6.89	4.09	10.06	1.12	3
2020-10-06 20:15:00	7.65	4.46	10.87	1.08	3
2020-10-06 20:25:00	7.79	5.47	11.63	1.01	3
2020-10-06 20:35:00	8.48	4.72	11.25	1.04	3
2020-10-06 20:45:00	8.45	5.67	10.46	.83	3
2020-10-06 20:55:00	8.27	5.49	10.88	1.04	3
2020-10-06 21:05:00	8.29	4.8	11.62	1.06	3
2020-10-06 21:15:00	7.53	4.92	9.48	.87	3
2020-10-06 21:25:00	7.78	5.42	10.13	.87	3
2020-10-06 21:35:00	8.14	6.02	10.83	.86	3
2020-10-06 21:45:00	7.95	5.08	10.37	.92	3
2020-10-06 21:55:00	7.41	4.21	9.59	.88	3
2020-10-06 22:05:00	7.32	5.11	9.67	.89	3
2020-10-06 22:15:00	7.98	4.66	10.47	.81	3
2020-10-06 22:25:00	7.51	3.96	10.29	1.06	3
2020-10-06 22:35:00	7.69	5.2	10.25	.88	3
2020-10-06 22:45:00	8.01	6.01	10.43	.74	3
2020-10-06 22:55:00	7.02	4.88	10.63	.88	3
2020-10-06 23:05:00	7.75	5.61	9.99	.83	3
2020-10-06 23:15:00	7.68	5.27	9.95	.89	3
2020-10-06 23:25:00	7.44	5.5	9.37	.8	3
2020-10-06 23:35:00	6.97	4.44	9.08	.95	3
2020-10-06 23:45:00	7.44	3.95	10.26	.92	3
2020-10-06 23:55:00	7.75	3.7	10.87	1.02	3
2020-10-07 00:05:00	6.99	5.4	8.83	.64	3
2020-10-07 00:15:00	7.17	5.04	9.02	.72	3
2020-10-07 00:25:00	7.88	4.71	9.92	.84	3
2020-10-07 00:35:00	8.13	4.98	11.28	1.04	3
2020-10-07 00:45:00	8.09	5.59	10.67	.84	3
2020-10-07 00:55:00	7.48	3.82	9.75	.8	3
2020-10-07 01:05:00	8.17	5.46	10.17	.86	3
2020-10-07 01:15:00	7.2	2.56	10.03	1.12	3
2020-10-07 01:25:00	6.93	3	9.3	1.04	3
2020-10-07 01:35:00	6.3	2.25	8.92	1.3	3
2020-10-07 01:45:00	6.36	2.81	8.78	1.05	3
2020-10-07 01:55:00	5.79	2.59	8.26	1.04	3
2020-10-07 02:05:00	6.36	3.11	8.44	1.12	3
2020-10-07 02:15:00	6.54	4.31	9.06	.73	3
2020-10-07 02:25:00	5.92	2.5	8.54	1.19	3
2020-10-07 02:35:00	6.45	3.05	8.87	.93	3
2020-10-07 02:45:00	6.5	1.96	8.66	1.08	3
2020-10-07 02:55:00	6.25	2.44	9.56	1.34	3
2020-10-07 03:05:00	6.97	3.13	10.56	1.34	3
2020-10-07 03:15:00	6.93	1.99	10.09	1.35	3
2020-10-07 03:25:00	7.5	3.61	9.88	1.08	3
2020-10-07 03:35:00	7.95	2.63	10.6	1.12	3
2020-10-07 03:45:00	7.33	3.04	10.52	1.49	3
2020-10-07 03:55:00	7.42	3.25	10.72	1.36	3
2020-10-07 04:05:00	8.14	3.11	11.54	1.38	3
2020-10-07 04:15:00	7.51	3.74	10.79	1.52	3
2020-10-07 04:25:00	7.12	2.96	11.54	1.91	3
2020-10-07 04:35:00	8.16	3.7	11.13	1.53	3
2020-10-07 04:45:00	7	2.37	11.17	1.85	3
2020-10-07 04:55:00	7.52	1.81	11.84	2.06	3
2020-10-07 05:05:00	7.96	1.99	11.73	2.08	3
2020-10-07 05:15:00	6.51	2.25	11.31	1.67	3
2020-10-07 05:25:00	5.92	2.09	12.02	2.13	7
2020-10-07 05:35:00	5.26	2.04	10.35	1.94	3
2020-10-07 05:45:00	6.16	1.74	10.91	1.98	3
2020-10-07 05:55:00	7.24	2.85	11.26	1.55	3
2020-10-07 06:05:00	6.15	2.31	11.39	2.13	3
2020-10-07 06:15:00	6.71	1.83	10.6	1.72	3
2020-10-07 06:25:00	7.66	2.95	11.27	1.81	3
2020-10-07 06:35:00	6.26	1.66	10.78	1.99	3
2020-10-07 06:45:00	6.99	3.46	10.18	1.42	3
2020-10-07 06:55:00	7.54	3.41	10.68	1.35	3
2020-10-07 07:05:00	7.85	3.77	11.12	1.32	3
2020-10-07 07:15:00	7.27	2.73	10.25	1.36	3
2020-10-07 07:25:00	6.62	2.68	9.45	1.15	3
2020-10-07 07:35:00	6.91	2.95	9.69	1.08	3
2020-10-07 07:45:00	7.05	4.08	9.92	.99	3
2020-10-07 07:55:00	7.01	2.64	10.36	1.31	3
2020-10-07 08:05:00	6.15	2.66	9.9	1.31	3
2020-10-07 08:15:00	7.15	2.71	10.02	1.32	3
2020-10-07 08:25:00	6.71	2.25	9.92	1.45	3
2020-10-07 08:35:00	6.69	2.85	10.17	1.35	3
2020-10-07 08:45:00	6.99	.95	9.93	1.66	3
2020-10-07 08:55:00	6.86	2.64	10.49	1.63	3
2020-10-07 09:05:00	6.06	2.83	9.56	1.46	3
2020-10-07 09:15:00	6.92	3.09	10.09	1.32	3
2020-10-07 09:25:00	5.92	2.38	9.08	1.53	3
2020-10-07 09:35:00	6.71	2.55	9.67	1.24	3
2020-10-07 09:45:00	6.53	3.11	10.2	1.07	3
2020-10-07 09:55:00	6.9	3.1	9.18	1.09	3
2020-10-07 10:05:00	7.02	2.52	11.86	2.03	3
2020-10-07 10:15:00	7.4	2.43	11.5	1.83	3
2020-10-07 10:25:00	5.88	2.07	10.76	2.02	3
2020-10-07 10:35:00	5.33	2.24	9.45	1.64	3
2020-10-07 10:45:00	6.13	2.33	9.78	1.51	3
2020-10-07 10:55:00	5.76	1.94	9.77	2.12	3
2020-10-07 11:05:00	5.64	1.48	9.2	1.45	3
2020-10-07 11:15:00	5.21	1.14	7.67	1.19	3
2020-10-07 11:25:00	4.07	1.07	9.08	1.85	7
2020-10-07 11:35:00	5.22	1.21	9.04	2.18	3
2020-10-07 11:45:00	4.52	.98	8.94	1.69	3
2020-10-07 11:55:00	7.45	1.66	10.94	2.24	3
2020-10-07 12:05:00	6.48	2.24	10.53	1.98	3
2020-10-07 12:15:00	4.94	1.73	9.46	2.12	3
2020-10-07 12:25:00	3.62	.69	9.23	1.49	7
2020-10-07 12:35:00	3.82	1.31	7.89	1.51	3
2020-10-07 12:45:00	3.48	1.3	9.69	1.52	7
2020-10-07 12:55:00	5.19	.99	9.8	1.88	3
2020-10-07 13:05:00	7.35	2.64	11.37	2.04	3
2020-10-07 13:15:00	4.25	1.5	9.39	1.67	7
2020-10-07 13:25:00	5.44	1.86	10.36	1.95	3
2020-10-07 13:35:00	3.86	1.26	9.22	1.18	7
2020-10-07 13:45:00	3.84	.97	8.68	1.22	7
2020-10-07 13:55:00	3.87	.89	7.75	1.22	3
2020-10-07 14:05:00	3.64	1.67	8.78	1.23	7
2020-10-07 14:15:00	4.71	1.07	9.42	1.87	3
2020-10-07 14:25:00	4.73	2.17	10.59	1.72	7
2020-10-07 14:35:00	3.97	1.79	7.71	1.18	3
2020-10-07 14:45:00	4.48	1.81	9.56	1.43	7
2020-10-07 14:55:00	4	1.63	9.21	1.24	7
2020-10-07 15:05:00	6.16	2.41	11.54	2.07	3
2020-10-07 15:15:00	5.3	2.07	10.09	1.91	3
2020-10-07 15:25:00	6.56	3.45	11.78	1.87	3
2020-10-07 15:35:00	4.28	1.88	8.79	1.23	3
2020-10-07 15:45:00	6.41	2.4	10.69	1.88	3
2020-10-07 15:55:00	6.96	2.33	11.55	2.17	3
2020-10-07 16:05:00	7.03	2.25	11.15	1.9	3
2020-10-07 16:15:00	7.83	4.36	11.58	1.62	3
2020-10-07 16:25:00	5.67	3.13	9.72	1.35	3
2020-10-07 16:35:00	5.31	2.22	10.98	1.99	7
2020-10-07 16:45:00	4.83	2.45	9.07	1.34	3
2020-10-07 16:55:00	4.18	1.37	7.57	1.24	3
2020-10-07 17:05:00	4.14	1.83	7.82	1.3	3
2020-10-07 17:15:00	4.27	1.67	8.12	1.21	3
2020-10-07 17:25:00	4.02	1.73	8.78	1.38	7
2020-10-07 17:35:00	8.71	2.64	11.27	1.89	3
2020-10-07 17:45:00	9.41	4.18	12.27	1.7	3
2020-10-07 17:55:00	10.84	8.97	12.47	.64	3
2020-10-07 18:05:00	10.2	6.75	12.42	.75	3
2020-10-07 18:15:00	10.82	5.85	13.11	.98	3
2020-10-07 18:25:00	8.77	3.88	12.13	2.02	3
2020-10-07 18:35:00	10.01	5.41	12.05	1.21	3
2020-10-07 18:45:00	10.47	8.36	12.41	.83	3
2020-10-07 18:55:00	11.11	8.08	13	1.05	3
2020-10-07 19:05:00	11.33	9.02	13.68	1.07	3
2020-10-07 19:15:00	12.58	10.24	14.42	.7	3
2020-10-07 19:25:00	12.62	10.71	14.37	.72	3
2020-10-07 19:35:00	12.75	10.52	14.3	.7	3
2020-10-07 19:45:00	12.3	10.31	14.2	.74	3
2020-10-07 19:55:00	11.68	9.05	14.12	.81	3
2020-10-07 20:05:00	11.33	8.78	12.73	.68	3
2020-10-07 20:15:00	11.58	9.28	13.03	.74	3
2020-10-07 20:25:00	11.4	9.08	12.75	.61	3
2020-10-07 20:35:00	11.22	9.22	12.56	.63	3
2020-10-07 20:45:00	10.93	9.34	11.88	.54	3
2020-10-07 20:55:00	11.13	9.57	12.3	.57	3
2020-10-07 21:05:00	10.81	8.53	12.39	.6	3
2020-10-07 21:15:00	11.13	9.05	12.63	.72	3
2020-10-07 21:25:00	10.77	8.41	12.24	.62	3
2020-10-07 21:35:00	10.47	8.22	11.98	.69	3
2020-10-07 21:45:00	10.46	7.89	12.1	.73	3
2020-10-07 21:55:00	10.33	8.63	12.27	.59	3
2020-10-07 22:05:00	10.72	8.43	11.86	.62	3
2020-10-07 22:15:00	10.52	8.75	11.92	.56	3
2020-10-07 22:25:00	9.85	7.79	11.27	.61	3
2020-10-07 22:35:00	9.93	8.21	11.49	.56	3
2020-10-07 22:45:00	9.59	7.77	11.73	.7	3
2020-10-07 22:55:00	9.98	7.43	11.73	.6	3
2020-10-07 23:05:00	10.4	8.24	11.92	.58	3
2020-10-07 23:15:00	10.12	7.7	12.11	.76	3
2020-10-07 23:25:00	10.72	8.41	12.2	.56	3
2020-10-07 23:35:00	10.78	8.93	12.16	.6	3
2020-10-07 23:45:00	10.29	7.99	11.35	.65	3
2020-10-07 23:55:00	9.88	8	11.53	.66	3
2020-10-08 00:05:00	9.98	8.48	11.25	.6	3
2020-10-08 00:15:00	10.14	8.44	11.33	.48	3
2020-10-08 00:25:00	9.98	8.09	11.42	.63	3
2020-10-08 00:35:00	9.74	8.32	11.01	.5	3
2020-10-08 00:45:00	9.5	7.99	10.61	.47	3
2020-10-08 00:55:00	9.32	7.72	10.56	.58	3
2020-10-08 01:05:00	9.03	7.06	11.29	.6	3
2020-10-08 01:15:00	10.46	7.63	12.13	.81	3
2020-10-08 01:25:00	10.05	8.87	11.46	.45	3
2020-10-08 01:35:00	9.76	8.01	11.1	.6	3
2020-10-08 01:45:00	9.76	8.13	11.07	.52	3
2020-10-08 01:55:00	9.93	8.52	10.87	.49	3
2020-10-08 02:05:00	9.54	7.98	10.8	.51	3
2020-10-08 02:15:00	9.42	7.72	10.58	.52	3
2020-10-08 02:25:00	9.41	7.35	10.57	.5	3
2020-10-08 02:35:00	9.26	7.63	10.45	.49	3
2020-10-08 02:45:00	8.98	7.6	9.98	.44	3
2020-10-08 02:55:00	8.87	7.34	10.25	.65	3
2020-10-08 03:05:00	9.54	7.83	10.76	.63	3
2020-10-08 03:15:00	9.68	7.97	10.99	.57	3
2020-10-08 03:25:00	9.73	8.32	10.94	.45	3
2020-10-08 03:35:00	9.96	6.73	11.52	.75	3
2020-10-08 03:45:00	10.58	7.36	12	.64	3
2020-10-08 03:55:00	10.83	6.11	12.76	.95	3
2020-10-08 04:05:00	11.4	8.4	12.91	.75	3
2020-10-08 04:15:00	11.24	9.17	12.77	.46	3
2020-10-08 04:25:00	11.18	9.27	12.56	.54	3
2020-10-08 04:35:00	11.34	8.64	13.51	.76	3
2020-10-08 04:45:00	11.5	9.5	12.95	.57	3
2020-10-08 04:55:00	11.21	9.04	12.52	.58	3
2020-10-08 05:05:00	11.02	9.06	12.33	.57	3
2020-10-08 05:15:00	11.66	8.42	13.48	1.03	3
2020-10-08 05:25:00	11.89	9.77	13.12	.65	3
2020-10-08 05:35:00	11.55	9.34	13.29	.63	3
2020-10-08 05:45:00	11.65	8.88	13.71	.97	3
2020-10-08 05:55:00	11.83	10.14	12.92	.49	3
2020-10-08 06:05:00	11.06	6.9	13.23	1.25	3
2020-10-08 06:15:00	11.54	8.06	13.26	.9	3
2020-10-08 06:25:00	10.2	6.31	12.87	1.29	3
2020-10-08 06:35:00	10.43	7.32	13.36	1.39	3
2020-10-08 06:45:00	9.94	7.54	13.06	1.07	3
2020-10-08 06:55:00	9.37	6.09	13.14	1.5	3
2020-10-08 07:05:00	10.04	7.13	12.91	1.38	3
2020-10-08 07:15:00	11.12	7.79	12.47	.86	3
2020-10-08 07:25:00	10.74	6.95	12.43	1	3
2020-10-08 07:35:00	9.89	4.89	12.53	1.79	3
2020-10-08 07:45:00	8.72	5.53	11.1	1.01	3
2020-10-08 07:55:00	7.18	3.03	11.34	1.75	3
2020-10-08 08:05:00	6.47	2.55	11.35	1.88	3
2020-10-08 08:15:00	6.55	2.56	12.02	1.95	3
2020-10-08 08:25:00	7.49	1.87	12.1	2.12	3
2020-10-08 08:35:00	6.31	1.78	11.83	2.13	3
2020-10-08 08:45:00	7.72	2.31	12.22	1.97	3
2020-10-08 08:55:00	7.36	.94	12.39	2.47	3
2020-10-08 09:05:00	6.27	1.69	11.17	1.83	3
2020-10-08 09:15:00	5.82	2.07	10.77	1.98	3
2020-10-08 09:25:00	6.23	1.72	10.87	1.95	3
2020-10-08 09:35:00	6.09	1.95	10.69	2.03	3
2020-10-08 09:45:00	6.52	2.85	11.09	1.96	3
2020-10-08 09:55:00	5.49	1.29	10.44	2.15	3
2020-10-08 10:05:00	6.76	1.85	11.57	2.2	3
2020-10-08 10:15:00	6.81	2.14	12.19	1.93	3
2020-10-08 10:25:00	6.88	2.1	11.69	2.27	3
2020-10-08 10:35:00	6.88	1.8	11.11	2.25	3
2020-10-08 10:45:00	6.48	2.34	9.6	1.62	3
2020-10-08 10:55:00	6.59	2.84	10.2	1.55	3
2020-10-08 11:05:00	6.74	2.42	11.24	1.81	3
2020-10-08 11:15:00	7.5	1.74	10.34	1.58	3
2020-10-08 11:25:00	7.57	2.91	10.51	1.56	3
2020-10-08 11:35:00	7.56	2.94	11.9	1.59	3
2020-10-08 11:45:00	7.91	3.34	12.54	1.51	3
2020-10-08 11:55:00	7.64	3.63	11.08	1.56	3
2020-10-08 12:05:00	7.65	2.89	10.49	1.26	3
2020-10-08 12:15:00	7.63	3.6	11.12	1.29	3
2020-10-08 12:25:00	8.06	3.57	11.98	1.5	3
2020-10-08 12:35:00	8.95	6.28	11.98	1.16	3
2020-10-08 12:45:00	9.03	6.02	11.36	1.01	3
2020-10-08 12:55:00	8.69	6.38	11.55	1.07	3
2020-10-08 13:05:00	8.62	6.26	11.32	.95	3
2020-10-08 13:15:00	8.81	6.49	11.97	.92	3
2020-10-08 13:25:00	9.6	6.35	12.91	.98	3
2020-10-08 13:35:00	10.44	7.88	12.9	1.1	3
2020-10-08 13:45:00	10.04	6.24	13.2	1.12	3
2020-10-08 13:55:00	9.62	6.2	13.09	1.11	3
2020-10-08 14:05:00	9.7	4.98	12.03	1.18	3
2020-10-08 14:15:00	9.55	5.62	12.44	1.11	3
2020-10-08 14:25:00	9.78	6.38	12.63	1.03	3
2020-10-08 14:35:00	9.92	6.02	13.88	1.42	3
2020-10-08 14:45:00	10.85	7.62	14.26	1.33	3
2020-10-08 14:55:00	11.15	7.25	14.33	1.15	3
2020-10-08 15:05:00	9.87	6.36	12.66	1	3
2020-10-08 15:15:00	8.63	4.84	11.82	1.17	3
2020-10-08 15:25:00	10.66	6.57	14.03	1.52	3
2020-10-08 15:35:00	10.95	7.68	13.99	1.16	3
2020-10-08 15:45:00	11.94	7.92	17.27	1.56	3
2020-10-08 15:55:00	12.05	9.77	16.29	1.11	3
2020-10-08 16:05:00	11.77	7.17	14.82	1.37	3
2020-10-08 16:15:00	11.1	6.85	15.32	1.57	3
2020-10-08 16:25:00	10.74	5.84	14.79	1.41	3
2020-10-08 16:35:00	11.09	7.19	14.82	1.41	3
2020-10-08 16:45:00	10.34	7.79	14.26	1.06	3
2020-10-08 16:55:00	11.21	8.32	14.51	1.29	3
2020-10-08 17:05:00	10.61	7.84	14.49	1.15	3
2020-10-08 17:15:00	11.85	9.61	14.97	.93	3
2020-10-08 17:25:00	11.68	9.49	14.53	.89	3
2020-10-08 17:35:00	11.74	8.82	14.48	1.01	3
2020-10-08 17:45:00	11.24	8.06	14.12	1.08	3
2020-10-08 17:55:00	11.62	9.6	13.81	.81	3
2020-10-08 18:05:00	11.09	8.66	13.35	1	3
2020-10-08 18:15:00	10.99	8.52	13.33	.9	3
2020-10-08 18:25:00	10.87	8.81	13.63	.91	3
2020-10-08 18:35:00	10.67	7.39	13.03	.87	3
2020-10-08 18:45:00	9.48	7.21	11.62	.8	3
2020-10-08 18:55:00	10	7.11	12.86	.94	3
2020-10-08 19:05:00	9.85	5.17	13.99	1.31	3
2020-10-08 19:15:00	10.55	7.8	14.09	1.12	3
2020-10-08 19:25:00	9.99	7.54	12.7	1.03	3
2020-10-08 19:35:00	10.57	6.7	13.12	1.04	3
2020-10-08 19:45:00	10.68	8.72	14.14	.9	3
2020-10-08 19:55:00	10.81	7.82	14.07	1.01	3
2020-10-08 20:05:00	10.31	8.16	12.86	.8	3
2020-10-08 20:15:00	10.29	8.32	13.03	.82	3
2020-10-08 20:25:00	11.5	9.13	14.74	1.1	3
2020-10-08 20:35:00	11.68	8.54	14.34	1.07	3
2020-10-08 20:45:00	12.08	7.68	16.18	1.45	3
2020-10-08 20:55:00	10.34	4.62	15.17	2.2	3
2020-10-08 21:05:00	10.28	6.52	13.41	1.19	3
2020-10-08 21:15:00	10.17	7.24	13.76	1.22	3
2020-10-08 21:25:00	11.92	8.52	15.5	1.12	3
2020-10-08 21:35:00	12.39	9.18	15.71	.98	3
2020-10-08 21:45:00	12.78	10.4	15.42	1.01	3
2020-10-08 21:55:00	11.93	9.35	15.5	1.09	3
2020-10-08 22:05:00	11.24	7.99	14.24	1.14	3
2020-10-08 22:15:00	10.89	8.1	14.18	1.06	3
2020-10-08 22:25:00	10.63	8.53	12.84	.87	3
2020-10-08 22:35:00	11.37	9	13.82	.92	3
2020-10-08 22:45:00	11.58	9.13	14.55	1.1	3
2020-10-08 22:55:00	10.25	6.77	13.84	1.19	3
2020-10-08 23:05:00	11.39	8.67	14.71	1	3
2020-10-08 23:15:00	12.86	9.36	16.17	1.18	3
2020-10-08 23:25:00	12.22	9.87	15.23	.96	3
2020-10-08 23:35:00	12.99	9.89	16.04	1.12	3
2020-10-08 23:45:00	12.47	9.81	14.74	.84	3
2020-10-08 23:55:00	13.13	10.16	15.82	1.15	3
2020-10-09 00:05:00	12.85	9.73	15.04	1.04	3
2020-10-09 00:15:00	11.63	8.34	15.97	1.7	3
2020-10-09 00:25:00	14.76	11.24	17.78	1.23	3
2020-10-09 00:35:00	15.52	11.86	18.63	1.28	3
2020-10-09 00:45:00	16.73	13.58	18.7	.94	3
2020-10-09 00:55:00	15.19	10.94	18.96	1.28	3
2020-10-09 01:05:00	15.21	11.78	17.55	1.2	3
2020-10-09 01:15:00	15.92	11.08	19.34	1.57	3
2020-10-09 01:25:00	16.64	12.67	18.65	1.02	3
2020-10-09 01:35:00	15.6	12.68	17.89	1.04	3
2020-10-09 01:45:00	15.32	12.25	18.04	1.06	3
2020-10-09 01:55:00	14.42	10.99	17.87	1.34	3
2020-10-09 02:05:00	15.41	11.83	17.91	1.11	3
2020-10-09 02:15:00	14.42	11.07	16.96	1.06	3
2020-10-09 02:25:00	14.16	10.92	16.67	1.13	3
2020-10-09 02:35:00	14.59	11.81	16.79	1.02	3
2020-10-09 02:45:00	14.38	11.63	16.82	1.07	3
2020-10-09 02:55:00	14.68	11.26	16.81	.89	3
2020-10-09 03:05:00	14.05	10.78	16.34	1.09	3
2020-10-09 03:15:00	14.26	10.8	16.19	1.04	3
2020-10-09 03:25:00	13.89	10.7	15.76	.84	3
2020-10-09 03:35:00	13.51	10.52	16.11	1.05	3
2020-10-09 03:45:00	13.93	10.83	15.88	.91	3
2020-10-09 03:55:00	13.77	10.41	16.12	1.04	3
2020-10-09 04:05:00	13.56	10.91	15.21	.83	3
2020-10-09 04:15:00	12.58	9.23	14.7	1.03	3
2020-10-09 04:25:00	13.03	10.8	15	.86	3
2020-10-09 04:35:00	12.46	9.72	14.74	.97	3
2020-10-09 04:45:00	12.44	9.61	14.35	.97	3
2020-10-09 04:55:00	12.04	9.65	14.08	.85	3
2020-10-09 05:05:00	11.95	9.12	14.04	1.07	3
2020-10-09 05:15:00	11.56	9.38	13.4	.73	3
2020-10-09 05:25:00	11.54	8.86	13.6	.8	3
2020-10-09 05:35:00	11.92	9.3	13.94	.91	3
2020-10-09 05:45:00	11.97	9.61	14.43	.77	3
2020-10-09 05:55:00	11.4	9.27	13.54	.92	3
2020-10-09 06:05:00	10.72	8.77	12.53	.72	3
2020-10-09 06:15:00	10.71	7.76	12.72	.77	3
2020-10-09 06:25:00	10.91	8.73	12.79	.73	3
2020-10-09 06:35:00	11.08	8.6	13.08	.79	3
2020-10-09 06:45:00	10.47	7.82	12.47	.85	3
2020-10-09 06:55:00	10.27	8.62	11.85	.63	3
2020-10-09 07:05:00	9.28	7.46	11.52	.78	3
2020-10-09 07:15:00	9.37	7.48	11.8	.73	3
2020-10-09 07:25:00	9.32	7.24	10.84	.7	3
2020-10-09 07:35:00	9.38	7.8	10.99	.58	3
2020-10-09 07:45:00	8.67	6.84	10.54	.77	3
2020-10-09 07:55:00	8.22	6.41	10.58	.67	3
2020-10-09 08:05:00	8.72	7.08	10.48	.62	3
2020-10-09 08:15:00	8.33	6.43	10.24	.79	3
2020-10-09 08:25:00	7.91	6.37	9.71	.66	3
2020-10-09 08:35:00	8.35	6.41	9.77	.6	3
2020-10-09 08:45:00	7.82	6.31	9.35	.61	3
2020-10-09 08:55:00	7.98	6.21	9.86	.67	3
2020-10-09 09:05:00	8.4	6.48	9.68	.58	3
2020-10-09 09:15:00	8.48	6.7	11.23	.87	3
2020-10-09 09:25:00	8.32	6.56	10.12	.61	3
2020-10-09 09:35:00	8.53	7.2	9.51	.41	3
2020-10-09 09:45:00	7.92	6.55	9.37	.54	3
2020-10-09 09:55:00	7.86	6.15	9.44	.59	3
2020-10-09 10:05:00	7.97	6.23	9.3	.55	3
2020-10-09 10:15:00	7.7	5.77	9.48	.71	3
2020-10-09 10:25:00	7.42	6.5	8.63	.42	3
2020-10-09 10:35:00	7.31	4.8	8.93	.86	3
2020-10-09 10:45:00	7.11	5.37	9.41	.78	3
2020-10-09 10:55:00	6.63	4.7	7.63	.56	3
2020-10-09 11:05:00	6.29	4.86	7.46	.53	3
2020-10-09 11:15:00	6.21	5.1	8.09	.51	3
2020-10-09 11:25:00	6.47	4.89	7.69	.5	3
2020-10-09 11:35:00	5.7	1.99	7.31	1.11	3
2020-10-09 11:45:00	6.3	1.89	9.22	1.52	3
2020-10-09 11:55:00	7.34	6.09	8.93	.58	3
2020-10-09 12:05:00	7.59	5.99	10.36	.53	3
2020-10-09 12:15:00	7.28	5.63	8.78	.6	3
2020-10-09 12:25:00	6.95	5.57	8.91	.54	3
2020-10-09 12:35:00	6.07	2.2	8.77	1.59	3
2020-10-09 12:45:00	5.24	1.14	7.94	1.37	3
2020-10-09 12:55:00	6.7	2.71	8.4	.87	3
2020-10-09 13:05:00	5.33	1.51	7.5	1.54	3
2020-10-09 13:15:00	3.09	1.01	6.19	1.05	3
2020-10-09 13:25:00	2.62	.9	5.22	.96	3
2020-10-09 13:35:00	3.13	1.17	6.13	1.07	3
2020-10-09 13:45:00	3.48	1.27	6.52	1.24	3
2020-10-09 13:55:00	3.08	1.13	7.69	1.3	7
2020-10-09 14:05:00	3.2	.88	6.73	1.31	3
2020-10-09 14:15:00	4.2	1.09	7.3	1.63	3
2020-10-09 14:25:00	2.91	1.18	5.36	.83	3
2020-10-09 14:35:00	3.52	.96	7.53	1.19	3
2020-10-09 14:45:00	3.71	.72	7.69	1.44	3
2020-10-09 14:55:00	3.42	.67	7.87	1.57	7
2020-10-09 15:05:00	3.06	1.15	6.56	1.13	3
2020-10-09 15:15:00	3.81	1.11	6.92	1.32	3
2020-10-09 15:25:00	3.69	1.59	7.15	1.25	3
2020-10-09 15:35:00	3.81	1.4	6.97	1.17	3
2020-10-09 15:45:00	4.86	1.47	8.32	1.58	3
2020-10-09 15:55:00	4.24	1.45	7.46	1.28	3
2020-10-09 16:05:00	4.01	1.45	7.92	1.44	3
2020-10-09 16:15:00	4.44	1.69	8.05	1.43	3
2020-10-09 16:25:00	3.9	.78	7.01	1.31	3
2020-10-09 16:35:00	4.94	3.39	7.04	.66	3
2020-10-09 16:45:00	5.21	3.73	7.83	.64	3
2020-10-09 16:55:00	5.78	2.15	7.98	.9	3
2020-10-09 17:05:00	5.97	2.08	8.18	1.03	3
2020-10-09 17:15:00	6.6	4.36	8.94	.97	3
2020-10-09 17:25:00	6.66	4.26	9	.85	3
2020-10-09 17:35:00	6.4	3.79	8.65	.83	3
2020-10-09 17:45:00	6.09	3.18	7.92	.92	3
2020-10-09 17:55:00	6.1	3.59	8.57	1.02	3
2020-10-09 18:05:00	7.33	4.85	9.83	.95	3
2020-10-09 18:15:00	7.58	4.33	9.66	.97	3
2020-10-09 18:25:00	7.05	5.29	9.14	.66	3
2020-10-09 18:35:00	6.6	4.51	9.32	.73	3
2020-10-09 18:45:00	6.81	4.4	9.72	.83	3
2020-10-09 18:55:00	7.09	4.13	9.54	.91	3
2020-10-09 19:05:00	7.57	5.16	9.85	1.01	3
2020-10-09 19:15:00	7.6	5.89	10.37	.84	3
2020-10-09 19:25:00	7.29	4.56	9.44	.74	3
2020-10-09 19:35:00	7.5	3.57	9.78	1.05	3
2020-10-09 19:45:00	7.71	5.11	9.62	.79	3
2020-10-09 19:55:00	7.93	5.66	9.95	.85	3
2020-10-09 20:05:00	7.73	5.34	10.47	.89	3
2020-10-09 20:15:00	7.98	5.32	10.98	1.01	3
2020-10-09 20:25:00	7.24	3.8	10.09	1	3
2020-10-09 20:35:00	7.93	5.44	11.1	1	3
2020-10-09 20:45:00	7.79	5.78	10.58	.77	3
2020-10-09 20:55:00	7.44	5.57	9.21	.69	3
2020-10-09 21:05:00	7.3	4.67	9.34	.85	3
2020-10-09 21:15:00	6.32	2.15	8.66	.96	3
2020-10-09 21:25:00	6.71	3.7	8.51	.86	3
2020-10-09 21:35:00	6.2	2	9.22	1.09	3
2020-10-09 21:45:00	5.61	1.59	8.35	1.7	3
2020-10-09 21:55:00	6.39	1.63	10.27	1.77	3
2020-10-09 22:05:00	6.81	1.6	10.22	1.85	3
2020-10-09 22:15:00	6.92	3.73	9.5	1.11	3
2020-10-09 22:25:00	5.3	1.9	9.41	1.76	3
2020-10-09 22:35:00	5.58	1.47	9.13	1.71	3
2020-10-09 22:45:00	5.84	2.02	10	1.74	3
2020-10-09 22:55:00	6.41	2.7	9.29	1.29	3
2020-10-09 23:05:00	4.03	1.02	7.83	1.31	3
2020-10-09 23:15:00	3.49	1.1	7.3	1.17	3
2020-10-09 23:25:00	3.74	1.11	8.11	1.47	3
2020-10-09 23:35:00	4.28	1.45	9.32	1.69	7
2020-10-09 23:45:00	3.48	1	9.01	1.61	7
2020-10-09 23:55:00	3.67	1.41	7.8	1.3	3
2020-10-10 00:05:00	3.65	.95	8.73	1.38	7
2020-10-10 00:15:00	4.08	1.07	8.92	1.53	7
2020-10-10 00:25:00	4.23	1.32	8.09	1.44	3
2020-10-10 00:35:00	4.96	1.39	8.65	1.64	3
2020-10-10 00:45:00	5.41	2.06	9.03	1.48	3
2020-10-10 00:55:00	6.2	2.55	8.6	1.25	3
2020-10-10 01:05:00	6.93	4.06	9.68	1.08	3
2020-10-10 01:15:00	6.95	3.13	9.71	1.23	3
2020-10-10 01:25:00	6.77	1.68	10.67	1.35	3
2020-10-10 01:35:00	7.31	2.55	11.08	1.66	3
2020-10-10 01:45:00	7.45	2.52	12.22	1.81	3
2020-10-10 01:55:00	6.02	2.33	10.13	1.94	3
2020-10-10 02:05:00	5.79	2.05	10.35	1.86	3
2020-10-10 02:15:00	5.99	2.67	10.51	1.93	3
2020-10-10 02:25:00	6.4	2.13	11.14	2.03	3
2020-10-10 02:35:00	6.65	1.97	11.47	2.08	3
2020-10-10 02:45:00	6.47	2.5	10.56	1.82	3
2020-10-10 02:55:00	5.91	1.88	10.97	1.93	3
2020-10-10 03:05:00	6.59	1.63	10.53	1.95	3
2020-10-10 03:15:00	5.57	1.87	9.03	1.75	3
2020-10-10 03:25:00	5.86	2.14	10.46	1.75	3
2020-10-10 03:35:00	6.4	2.95	9.71	1.23	3
2020-10-10 03:45:00	6.97	4.28	9.92	1	3
2020-10-10 03:55:00	6.87	2.93	10.55	1.45	3
2020-10-10 04:05:00	7.7	3.51	10.48	1.35	3
2020-10-10 04:15:00	7.82	4.59	9.87	1.09	3
2020-10-10 04:25:00	7.1	2.75	10.14	1.29	3
2020-10-10 04:35:00	6.95	3.14	10.32	1.27	3
2020-10-10 04:45:00	6.87	3.58	9.66	1.15	3
2020-10-10 04:55:00	7.07	2.75	10.24	1.4	3
2020-10-10 05:05:00	5.98	2.77	9.65	1.41	3
2020-10-10 05:15:00	6.95	1.95	10.01	1.27	3
2020-10-10 05:25:00	7.05	2.18	11.09	1.55	3
2020-10-10 05:35:00	7.02	1.93	10.77	1.92	3
2020-10-10 05:45:00	6.2	2.23	11.51	1.69	3
2020-10-10 05:55:00	8.21	2.93	12.21	1.98	3
2020-10-10 06:05:00	9.66	5.86	12.29	1.14	3
2020-10-10 06:15:00	9.56	3.26	13.64	2.18	3
2020-10-10 06:25:00	7.73	2.91	11.4	1.47	3
2020-10-10 06:35:00	9.18	5.16	12.24	1.41	3
2020-10-10 06:45:00	10.55	5.2	13.68	1.56	3
2020-10-10 06:55:00	11.75	10.12	13.12	.56	3
2020-10-10 07:05:00	11.13	8.63	12.95	.82	3
2020-10-10 07:15:00	11.71	9.99	13.28	.58	3
2020-10-10 07:25:00	11.42	9.63	13.13	.62	3
2020-10-10 07:35:00	11.05	8.87	12.32	.63	3
2020-10-10 07:45:00	10.81	8.39	13.09	.69	3
2020-10-10 07:55:00	10.4	7.76	12.16	.74	3
2020-10-10 08:05:00	10.57	8.45	12.26	.63	3
2020-10-10 08:15:00	10.8	8.86	12.43	.59	3
2020-10-10 08:25:00	10.5	8.89	12.46	.72	3
2020-10-10 08:35:00	10.66	8.6	12.17	.66	3
2020-10-10 08:45:00	10.03	7.83	12.36	.69	3
2020-10-10 08:55:00	9.68	7.56	11.5	.75	3
2020-10-10 09:05:00	9.38	7.09	10.85	.74	3
2020-10-10 09:15:00	9.6	8.07	11.42	.58	3
2020-10-10 09:25:00	9.14	7.32	11.16	.68	3
2020-10-10 09:35:00	9.49	7.68	10.83	.54	3
2020-10-10 09:45:00	8.76	6.82	10.57	.69	3
2020-10-10 09:55:00	9.44	7.67	11.05	.63	3
2020-10-10 10:05:00	10.3	8.54	12.29	.75	3
2020-10-10 10:15:00	9.79	7.07	13.06	.92	3
2020-10-10 10:25:00	9.12	6.68	11.58	.92	3
2020-10-10 10:35:00	9.5	7.03	11.82	.95	3
2020-10-10 10:45:00	10.36	7.95	12.21	.71	3
2020-10-10 10:55:00	10.78	8.73	12.17	.72	3
2020-10-10 11:05:00	11.38	9.43	13.54	.65	3
2020-10-10 11:15:00	11.84	9.48	13.58	.71	3
2020-10-10 11:25:00	12.47	10.6	14.03	.63	3
2020-10-10 11:35:00	12.52	10.35	14.54	.82	3
2020-10-10 11:45:00	12.3	8.53	14.42	1.08	3
2020-10-10 11:55:00	12.62	9.56	14.66	.9	3
2020-10-10 12:05:00	12.68	10.62	14.09	.7	3
2020-10-10 12:15:00	11.93	9.08	13.77	.92	3
2020-10-10 12:25:00	11.08	8.87	12.98	.81	3
2020-10-10 12:35:00	10.92	8.77	13.42	.87	3
2020-10-10 12:45:00	12.2	9.77	14.14	.78	3
2020-10-10 12:55:00	11.59	9.42	13.27	.69	3
2020-10-10 13:05:00	11.87	8.45	13.97	1.06	3
2020-10-10 13:15:00	12.64	9.76	14.23	.8	3
2020-10-10 13:25:00	12.32	10.37	14.33	.81	3
2020-10-10 13:35:00	13.17	10.42	15.66	.97	3
2020-10-10 13:45:00	12.14	9.81	14.88	1.14	3
2020-10-10 13:55:00	11.42	9.41	13.67	.7	3
2020-10-10 14:05:00	13.4	10.5	15.81	.94	3
2020-10-10 14:15:00	13.26	10.53	15.27	.84	3
2020-10-10 14:25:00	13.05	10.26	14.98	.78	3
2020-10-10 14:35:00	12.86	9.99	14.84	.93	3
2020-10-10 14:45:00	12.43	10.24	15.3	.97	3
2020-10-10 14:55:00	12.85	10.53	15.65	.93	3
2020-10-10 15:05:00	12.25	9.47	14.17	.87	3
2020-10-10 15:15:00	12.19	9.46	14.69	.76	3
2020-10-10 15:25:00	12.54	9.2	15.26	1.04	3
2020-10-10 15:35:00	12.78	9.8	14.51	.87	3
2020-10-10 15:45:00	12.75	10.02	14.91	.82	3
2020-10-10 15:55:00	12.55	10.01	14.44	.82	3
2020-10-10 16:05:00	12.67	10.16	15.09	.85	3
2020-10-10 16:15:00	11.98	9.45	14.09	.95	3
2020-10-10 16:25:00	11.84	9.32	13.9	.73	3
2020-10-10 16:35:00	11.92	9.03	14.13	.8	3
2020-10-10 16:45:00	11.85	9.75	14.03	.76	3
2020-10-10 16:55:00	11.93	6.55	14.97	1.24	3
2020-10-10 17:05:00	12.79	10.8	15	.79	3
2020-10-10 17:15:00	12.9	10.23	14.81	.93	3
2020-10-10 17:25:00	12.6	10.22	14.81	.88	3
2020-10-10 17:35:00	12.03	9.48	14.59	1.01	3
2020-10-10 17:45:00	11.39	8.9	13.31	.81	3
2020-10-10 17:55:00	10.61	8.46	12.52	.78	3
2020-10-10 18:05:00	10.96	8.37	13.24	1.05	3
2020-10-10 18:15:00	11.42	9.08	12.78	.73	3
2020-10-10 18:25:00	11.51	7.29	13.88	.98	3
2020-10-10 18:35:00	10.94	9.11	13.17	.62	3
2020-10-10 18:45:00	7.62	2.63	11.72	2.07	3
2020-10-10 18:55:00	9.03	3.01	11.98	1.53	3
2020-10-10 19:05:00	9.46	6.13	11.98	.89	3
2020-10-10 19:15:00	9.56	7.16	11.01	.66	3
2020-10-10 19:25:00	8.78	3.39	10.99	1.41	3
2020-10-10 19:35:00	8.78	1.99	12.72	2.45	3
2020-10-10 19:45:00	5.69	1.68	10.34	2.15	3
2020-10-10 19:55:00	9.18	6.34	11.29	.94	3
2020-10-10 20:05:00	9.62	7.4	11.67	.83	3
2020-10-10 20:15:00	9.09	3.53	11.64	1.46	3
2020-10-10 20:25:00	10.15	6.7	12.69	1.18	3
2020-10-10 20:35:00	9.8	7.79	11.48	.86	3
2020-10-10 20:45:00	10.21	7.6	12.1	.62	3
2020-10-10 20:55:00	9.93	8.07	12.32	.62	3
2020-10-10 21:05:00	10.19	7.38	12.26	.76	3
2020-10-10 21:15:00	10.41	8.12	12.4	.73	3
2020-10-10 21:25:00	10.27	6.41	12.09	.93	3
2020-10-10 21:35:00	10.68	8.42	12.45	.64	3
2020-10-10 21:45:00	10.83	9.02	12.86	.61	3
2020-10-10 21:55:00	10.29	8.35	12.36	.61	3
2020-10-10 22:05:00	10.41	8.63	12.04	.68	3
2020-10-10 22:15:00	10.25	8.85	11.67	.57	3
2020-10-10 22:25:00	10.2	7.55	11.73	.61	3
2020-10-10 22:35:00	10.01	7.22	11.42	.67	3
2020-10-10 22:45:00	9.95	8.31	11.69	.64	3
2020-10-10 22:55:00	9.95	6.44	11.98	.71	3
2020-10-10 23:05:00	10.01	7.98	12.21	.63	3
2020-10-10 23:15:00	9.14	7.45	11.18	.74	3
2020-10-10 23:25:00	9.53	5.84	11.8	1.01	3
2020-10-10 23:35:00	9.06	4.12	11.3	1.44	3
2020-10-10 23:45:00	9.43	4.01	11.68	1.08	3
2020-10-10 23:55:00	8.29	3.42	12.38	1.95	3
2020-10-11 00:05:00	9.35	4.65	11.8	1.39	3
2020-10-11 00:15:00	9.2	3.66	11.92	1.7	3
2020-10-11 00:25:00	9.86	3.9	11.71	1	3
2020-10-11 00:35:00	8.55	3.66	12.06	1.67	3
2020-10-11 00:45:00	10.13	5.43	12.3	.87	3
2020-10-11 00:55:00	9.87	4.67	12.04	1.23	3
2020-10-11 01:05:00	9.76	4.96	11.96	1.11	3
2020-10-11 01:15:00	9.8	5.58	12.64	.88	3
2020-10-11 01:25:00	9.37	4.64	11.17	1.02	3
2020-10-11 01:35:00	8.94	3.83	11.48	1.5	3
2020-10-11 01:45:00	9.31	3.2	12.08	1.5	3
2020-10-11 01:55:00	9.03	4.1	11.32	1.43	3
2020-10-11 02:05:00	9.62	4.62	12.14	1.14	3
2020-10-11 02:15:00	8.43	2.42	11.75	2.32	3
2020-10-11 02:25:00	10.56	3.77	13.47	1.65	3
2020-10-11 02:35:00	8.72	3.27	11.71	1.6	3
2020-10-11 02:45:00	7.78	1.17	11.25	2.63	3
2020-10-11 02:55:00	9.9	5.26	12.37	1.07	3
2020-10-11 03:05:00	9.42	3.47	11.78	1.56	3
2020-10-11 03:15:00	7	2.01	11.48	2.33	3
2020-10-11 03:25:00	5.58	1.51	10.45	2.08	3
2020-10-11 03:35:00	6.24	1.53	10.77	2.2	3
2020-10-11 03:45:00	6.44	1.42	11.07	2.69	3
2020-10-11 03:55:00	5.13	1.17	10.72	2.34	7
2020-10-11 04:05:00	5.89	1.64	10.43	2.17	3
2020-10-11 04:15:00	7.16	2.61	11.14	1.72	3
2020-10-11 04:25:00	9.53	7.19	11.61	.75	3
2020-10-11 04:35:00	8.53	5.78	11.75	1.05	3
2020-10-11 04:45:00	7.09	3.93	10.72	1.06	3
2020-10-11 04:55:00	7	2.4	11.62	1.56	3
2020-10-11 05:05:00	6.63	1.91	10.53	1.99	3
2020-10-11 05:15:00	7.14	2.75	11.83	1.63	3
2020-10-11 05:25:00	6.39	1.95	10.74	2.06	3
2020-10-11 05:35:00	6.55	1.24	10.23	1.92	3
2020-10-11 05:45:00	6.36	1.35	10.15	1.95	3
2020-10-11 05:55:00	6.48	1.62	10.41	1.77	3
2020-10-11 06:05:00	6.17	1.78	9.68	1.86	3
2020-10-11 06:15:00	6.44	2.51	9.55	1.5	3
2020-10-11 06:25:00	6.22	2.52	10.06	1.63	3
2020-10-11 06:35:00	6.84	2.08	10.26	1.7	3
2020-10-11 06:45:00	5.98	1.27	9.69	1.88	3
2020-10-11 06:55:00	6.9	3.39	10.49	1.23	3
2020-10-11 07:05:00	6.15	2.65	9.69	1.36	3
2020-10-11 07:15:00	6.82	3.51	9.63	1.05	3
2020-10-11 07:25:00	5.64	2.37	9.04	1.24	3
2020-10-11 07:35:00	5.49	1.57	9.11	1.65	3
2020-10-11 07:45:00	4.42	1.62	7.57	1.51	3
2020-10-11 07:55:00	5.79	2.28	9.66	1.68	3
2020-10-11 08:05:00	4.27	1.54	8.43	1.62	3
2020-10-11 08:15:00	5.7	1.82	8.6	1.56	3
2020-10-11 08:25:00	5.43	2	8.62	1.45	3
2020-10-11 08:35:00	6.15	.96	9.16	1.63	3
2020-10-11 08:45:00	5.61	1.89	9.93	1.48	3
2020-10-11 08:55:00	4.46	.93	8.04	1.61	3
2020-10-11 09:05:00	4.73	1.6	8.79	1.65	3
2020-10-11 09:15:00	5.69	1.32	10.54	1.93	3
2020-10-11 09:25:00	6.23	2.31	10.46	1.52	3
2020-10-11 09:35:00	5.62	1.92	10.28	1.69	3
2020-10-11 09:45:00	5.47	1.39	8.56	1.6	3
2020-10-11 09:55:00	4.21	1.33	8.9	1.52	7
2020-10-11 10:05:00	3.91	1.47	7.58	1.25	3
2020-10-11 10:15:00	4.3	1.28	7.81	1.59	3
2020-10-11 10:25:00	4.44	1.62	8.18	1.69	3
2020-10-11 10:35:00	3.24	1.09	7.14	1.16	3
2020-10-11 10:45:00	4.45	1.32	8.34	1.58	3
2020-10-11 10:55:00	3.69	.7	8.79	1.47	7
2020-10-11 11:05:00	4.62	1.77	8.4	1.48	3
2020-10-11 11:15:00	4.45	1.38	8.37	1.37	3
2020-10-11 11:25:00	4.59	1.36	7.97	1.5	3
2020-10-11 11:35:00	4.25	1.67	7.96	1.36	3
2020-10-11 11:45:00	3.86	1.63	6.55	1.21	3
2020-10-11 11:55:00	5.22	1.96	8.23	1.29	3
2020-10-11 12:05:00	5.73	2.85	7.81	.83	3
2020-10-11 12:15:00	5.84	2.22	8.45	1.12	3
2020-10-11 12:25:00	4.74	1.67	8.52	1.35	3
2020-10-11 12:35:00	5.43	2.28	8.04	1.36	3
2020-10-11 12:45:00	5.15	1.89	7.3	1.03	3
2020-10-11 12:55:00	5.69	1.86	8.13	1.24	3
2020-10-11 13:05:00	5.12	1.91	7.34	1.24	3
2020-10-11 13:15:00	5.54	2.02	7.72	1.13	3
2020-10-11 13:25:00	5.77	3.56	7.62	.79	3
2020-10-11 13:35:00	5.47	1.51	7.35	1	3
2020-10-11 13:45:00	4.74	1.38	7.48	1.19	3
2020-10-11 13:55:00	5.08	1.4	7.54	1.33	3
2020-10-11 14:05:00	4.82	1.69	7.34	1.19	3
2020-10-11 14:15:00	5.39	2.11	7.82	1.05	3
2020-10-11 14:25:00	4.93	1.51	6.88	1.15	3
2020-10-11 14:35:00	5.09	2.16	7.52	.95	3
2020-10-11 14:45:00	5.02	2.42	6.74	.84	3
2020-10-11 14:55:00	5.33	3.21	7.31	.85	3
2020-10-11 15:05:00	5.26	2.92	7.33	.94	3
2020-10-11 15:15:00	5.28	3.19	7.15	.82	3
2020-10-11 15:25:00	5.02	2.66	7.05	.88	3
2020-10-11 15:35:00	5	2.21	6.59	.87	3
2020-10-11 15:45:00	4.4	1.6	9.04	1.42	3
2020-10-11 15:55:00	4.68	1.23	9.54	1.73	7
2020-10-11 16:05:00	6.38	1.73	9.42	1.86	3
2020-10-11 16:15:00	5.07	3.2	7.88	.89	3
2020-10-11 16:25:00	4.01	2.16	6.9	.9	3
2020-10-11 16:35:00	5.34	2.16	8.12	1.14	3
2020-10-11 16:45:00	5.73	1.4	8.84	1.53	3
2020-10-11 16:55:00	5.02	1.67	7.87	1.29	3
2020-10-11 17:05:00	5.99	2.07	9.48	1.15	3
2020-10-11 17:15:00	5.53	2.56	9.25	1.4	3
2020-10-11 17:25:00	6.43	3.17	8.68	1.08	3
2020-10-11 17:35:00	6.76	3.25	9.39	1.11	3
2020-10-11 17:45:00	6.41	2.39	9.67	1.48	3
2020-10-11 17:55:00	5.92	1.68	8.52	1.29	3
2020-10-11 18:05:00	6.23	1.89	9.81	1.5	3
2020-10-11 18:15:00	6.25	2.81	9.66	1.13	3
2020-10-11 18:25:00	6.52	3.09	9.01	1.22	3
2020-10-11 18:35:00	7.17	2.97	9.53	1.15	3
2020-10-11 18:45:00	6.34	2.83	8.93	1.19	3
2020-10-11 18:55:00	5.79	2.5	8.62	.89	3
2020-10-11 19:05:00	5.79	2.22	8.41	1.05	3
2020-10-11 19:15:00	5.94	2.6	8.82	1.06	3
2020-10-11 19:25:00	5.2	2.16	7.39	1.14	3
2020-10-11 19:35:00	5.68	1.07	8.8	1.21	3
2020-10-11 19:45:00	5.66	1.09	7.97	1.39	3
2020-10-11 19:55:00	6.21	2.77	9.13	1.04	3
2020-10-11 20:05:00	5.7	2.39	8.01	1.16	3
2020-10-11 20:15:00	5.89	2.4	8.89	1.15	3
2020-10-11 20:25:00	5.74	2.12	7.98	1.32	3
2020-10-11 20:35:00	5.81	4.01	7.97	.86	3
2020-10-11 20:45:00	5.32	3.75	7.39	.67	3
2020-10-11 20:55:00	5.17	2.7	7.31	.85	3
2020-10-11 21:05:00	5.36	3.39	7.79	.75	3
2020-10-11 21:15:00	4.5	1.68	6.99	1.06	3
2020-10-11 21:25:00	4.03	1.22	6.37	1.21	3
2020-10-11 21:35:00	3.82	1.44	5.94	.74	3
2020-10-11 21:45:00	2.66	.73	5.16	1.16	3
2020-10-11 21:55:00	2.81	1.26	4.64	.65	3
2020-10-11 22:05:00	2.97	1.3	5.42	.74	3
2020-10-11 22:15:00	2.1	.99	3.64	.62	3
2020-10-11 22:25:00	2.54	.99	3.54	.58	3
2020-10-11 22:35:00	2.47	1.75	3.22	.31	3
2020-10-11 22:45:00	2.56	1.51	3.8	.47	3
2020-10-11 22:55:00	3.06	1.67	4.06	.49	3
2020-10-11 23:05:00	2.73	1.7	3.55	.39	3
2020-10-11 23:15:00	2.72	1.66	3.77	.43	3
2020-10-11 23:25:00	2.41	1.34	3.63	.46	3
2020-10-11 23:35:00	2.32	1.48	3.41	.38	3
2020-10-11 23:45:00	2.59	1.55	3.91	.46	3
2020-10-11 23:55:00	2.61	1.45	3.83	.55	3
